shape_id,shape_pt_lat,shape_pt_lon,shape_pt_sequence
1,25.79593,-80.25825,1
1,25.7986,-80.25833,2
1,25.7999,-80.2584,3
1,25.80173,-80.25847,4
1,25.80593,-80.25855,5
1,25.80905,-80.25863,6
1,25.81008,-80.25868,7
1,25.81167,-80.2587,8
1,25.81586,-80.25882,9
1,25.81855,-80.25884,10
1,25.82004,-80.25888,11
1,25.82172,-80.25895,12
1,25.82363,-80.25901,13
1,25.83469,-80.25932,14
1,25.84367,-80.25955,15
1,25.84489,-80.25956,16
1,25.84569,-80.25959,17
1,25.84676,-80.2596,18
1,25.84723,-80.25962,19
1,25.85103,-80.25971,20
1,25.85516,-80.25986,21
1,25.85757,-80.25993,22
1,25.88376,-80.26042,23
1,25.89075,-80.26054,24
1,25.8925,-80.26047,25
1,25.89423,-80.25999,26
1,25.89584,-80.25908,27
1,25.89721,-80.25778,28
1,25.89828,-80.25618,29
1,25.9114,-80.2297,30
1,25.91443,-80.22532,31
1,25.92148,-80.21697,32
1,25.92256,-80.21564,33
1,25.92595,-80.21157,34
1,25.92907,-80.20789,35
1,25.93081,-80.20579,36
1,25.93464,-80.20126,37
1,25.93884,-80.19623,38
1,25.95198,-80.18058,39
1,25.95411,-80.17802,40
1,25.95605,-80.17538,41
1,25.95976,-80.17029,42
1,25.96141,-80.16828,43
1,25.96232,-80.16754,44
1,25.96347,-80.16687,45
1,25.96463,-80.16647,46
1,25.96586,-80.16625,47
1,25.96838,-80.16629,48
1,25.97676,-80.1666,49
1,25.97983,-80.16669,50
1,25.98688,-80.16695,51
1,26.0033,-80.1675,52
1,26.00878,-80.16758,53
1,26.01241,-80.16765,54
1,26.01322,-80.16765,55
1,26.0196,-80.1678,56
1,26.02169,-80.16787,57
1,26.0328,-80.1681,58
1,26.04162,-80.16828,59
1,26.04323,-80.16823,60
1,26.04491,-80.16802,61
1,26.04885,-80.16747,62
1,26.05119,-80.1671,63
1,26.05834,-80.16612,64
1,26.061,-80.16577,65
1,26.06165,-80.16568,66
1,26.062,-80.16562,67
1,26.06338,-80.16543,68
1,26.06466,-80.16538,69
1,26.06592,-80.16553,70
1,26.06832,-80.1662,71
1,26.06956,-80.16658,72
1,26.07368,-80.16858,73
1,26.07559,-80.16913,74
1,26.08006,-80.1702,75
1,26.08238,-80.17035,76
1,26.08463,-80.16989,77
1,26.08687,-80.16932,78
1,26.08913,-80.16913,79
1,26.09134,-80.16914,80
1,26.09524,-80.16924,81
1,26.09901,-80.1693,82
1,26.10548,-80.16944,83
1,26.1074,-80.16945,84
1,26.10928,-80.16954,85
1,26.11114,-80.1696,86
1,26.11804,-80.16975,87
1,26.11998,-80.16977,88
1,26.12081,-80.16978,89
1,26.12487,-80.16985,90
1,26.13037,-80.16999,91
1,26.13219,-80.17006,92
1,26.13617,-80.17015,93
1,26.13846,-80.17018,94
1,26.14356,-80.17029,95
1,26.14635,-80.17019,96
1,26.14918,-80.16931,97
1,26.16095,-80.16409,98
1,26.18155,-80.15499,99
1,26.18465,-80.15394,100
1,26.19102,-80.15257,101
1,26.20045,-80.15051,102
1,26.20135,-80.15034,103
1,26.20204,-80.1502,104
1,26.20802,-80.14881,105
1,26.22693,-80.14466,106
1,26.24612,-80.14047,107
1,26.24932,-80.13981,108
1,26.25571,-80.13842,109
1,26.27141,-80.13498,110
1,26.27263,-80.13471,111
1,26.27507,-80.13418,112
1,26.29028,-80.13083,113
1,26.29181,-80.13044,114
1,26.29336,-80.12998,115
1,26.29681,-80.12885,116
1,26.30618,-80.12584,117
1,26.31737,-80.12221,118
1,26.3197,-80.12144,119
1,26.32121,-80.12096,120
1,26.32291,-80.12047,121
1,26.32462,-80.12017,122
1,26.3263,-80.12008,123
1,26.36367,-80.12068,124
1,26.36675,-80.12072,125
1,26.36978,-80.12072,126
1,26.37268,-80.11993,127
1,26.37517,-80.11822,128
1,26.37723,-80.11598,129
1,26.3833,-80.10927,130
1,26.39262,-80.09904,131
1,26.39654,-80.09472,132
1,26.39804,-80.09312,133
1,26.40003,-80.09167,134
1,26.40223,-80.09076,135
1,26.40485,-80.09051,136
1,26.41059,-80.09059,137
1,26.42346,-80.0907,138
1,26.43305,-80.09074,139
1,26.45147,-80.09092,140
1,26.45372,-80.09092,141
1,26.45425,-80.09094,142
1,26.45783,-80.09096,143
1,26.46131,-80.09105,144
1,26.46473,-80.09109,145
1,26.46656,-80.09107,146
1,26.46852,-80.09072,147
1,26.51407,-80.0742,148
1,26.51688,-80.07348,149
1,26.51965,-80.07328,150
1,26.52232,-80.07357,151
1,26.52496,-80.07399,152
1,26.52766,-80.0741,153
1,26.53326,-80.07426,154
1,26.53605,-80.07422,155
1,26.53876,-80.07364,156
1,26.54904,-80.07111,157
1,26.55069,-80.07073,158
1,26.55195,-80.0706,159
1,26.55293,-80.07056,160
1,26.55405,-80.07055,161
1,26.5566,-80.07049,162
1,26.57326,-80.07016,163
1,26.57632,-80.07011,164
1,26.58914,-80.06987,165
1,26.59236,-80.06978,166
1,26.60194,-80.06959,167
1,26.61591,-80.0691,168
1,26.61683,-80.06908,169
1,26.62406,-80.06881,170
1,26.62566,-80.06866,171
1,26.62728,-80.06849,172
1,26.62894,-80.06835,173
1,26.63068,-80.06838,174
1,26.63961,-80.06937,175
1,26.64229,-80.06965,176
1,26.64366,-80.06959,177
1,26.64493,-80.0694,178
1,26.64746,-80.06885,179
1,26.64866,-80.06879,180
1,26.64997,-80.069,181
1,26.65242,-80.06978,182
1,26.65499,-80.07036,183
1,26.66058,-80.0714,184
1,26.66362,-80.07174,185
1,26.66678,-80.07155,186
1,26.67644,-80.07071,187
1,26.67962,-80.07061,188
1,26.68856,-80.07062,189
1,26.69045,-80.07043,190
1,26.69139,-80.07003,191
1,26.69217,-80.06955,192
1,26.69351,-80.06814,193
1,26.69473,-80.06667,194
1,26.69737,-80.06369,195
1,26.69898,-80.06255,196
1,26.70078,-80.06202,197
1,26.7042,-80.06182,198
1,26.70538,-80.0619,199
1,26.70652,-80.06215,200
1,26.7077,-80.06221,201
1,26.70946,-80.06221,202
1,26.71027,-80.06231,203
1,26.71116,-80.06244,204
1,26.71334,-80.0624,205
1,26.71403,-80.06234,206
1,26.71486,-80.06213,207
1,26.71532,-80.06205,208
1,26.71572,-80.06204,209
1,26.71656,-80.06202,210
1,26.71745,-80.06204,211
1,26.71833,-80.06208,212
1,26.71923,-80.06217,213
1,26.72978,-80.06377,214
1,26.73386,-80.06436,215
1,26.7463,-80.06515,216
1,26.74826,-80.06532,217
1,26.7501,-80.06589,218
1,26.75174,-80.06694,219
1,26.75299,-80.06828,220
1,26.75559,-80.07216,221
1,26.75597,-80.07273,222
1,26.75664,-80.0738,223
1,26.75873,-80.07694,224
2,26.75873,-80.07694,1
2,26.75664,-80.0738,2
2,26.75597,-80.07273,3
2,26.75559,-80.07216,4
2,26.75299,-80.06828,5
2,26.75174,-80.06694,6
2,26.7501,-80.06589,7
2,26.74826,-80.06532,8
2,26.7463,-80.06515,9
2,26.73386,-80.06436,10
2,26.72978,-80.06377,11
2,26.71923,-80.06217,12
2,26.71833,-80.06208,13
2,26.71745,-80.06204,14
2,26.71656,-80.06202,15
2,26.71572,-80.06204,16
2,26.71532,-80.06205,17
2,26.71486,-80.06213,18
2,26.71403,-80.06234,19
2,26.71334,-80.0624,20
2,26.71116,-80.06244,21
2,26.71027,-80.06231,22
2,26.70946,-80.06221,23
2,26.7077,-80.06221,24
2,26.70652,-80.06215,25
2,26.70538,-80.0619,26
2,26.7042,-80.06182,27
2,26.70078,-80.06202,28
2,26.69898,-80.06255,29
2,26.69737,-80.06369,30
2,26.69473,-80.06667,31
2,26.69351,-80.06814,32
2,26.69217,-80.06955,33
2,26.69139,-80.07003,34
2,26.69045,-80.07043,35
2,26.68856,-80.07062,36
2,26.67962,-80.07061,37
2,26.67644,-80.07071,38
2,26.66678,-80.07155,39
2,26.66362,-80.07174,40
2,26.66058,-80.0714,41
2,26.65499,-80.07036,42
2,26.65242,-80.06978,43
2,26.64997,-80.069,44
2,26.64866,-80.06879,45
2,26.64746,-80.06885,46
2,26.64493,-80.0694,47
2,26.64366,-80.06959,48
2,26.64229,-80.06965,49
2,26.63961,-80.06937,50
2,26.63068,-80.06838,51
2,26.62894,-80.06835,52
2,26.62728,-80.06849,53
2,26.62566,-80.06866,54
2,26.62406,-80.06881,55
2,26.61683,-80.06908,56
2,26.61591,-80.0691,57
2,26.60194,-80.06959,58
2,26.59236,-80.06978,59
2,26.58914,-80.06987,60
2,26.57632,-80.07011,61
2,26.57326,-80.07016,62
2,26.5566,-80.07049,63
2,26.55405,-80.07055,64
2,26.55293,-80.07056,65
2,26.55195,-80.0706,66
2,26.55069,-80.07073,67
2,26.54904,-80.07111,68
2,26.53876,-80.07364,69
2,26.53605,-80.07422,70
2,26.53326,-80.07426,71
2,26.52766,-80.0741,72
2,26.52496,-80.07399,73
2,26.52232,-80.07357,74
2,26.51965,-80.07328,75
2,26.51688,-80.07348,76
2,26.51407,-80.0742,77
2,26.46852,-80.09072,78
2,26.46656,-80.09107,79
2,26.46473,-80.09109,80
2,26.46131,-80.09105,81
2,26.45783,-80.09096,82
2,26.45425,-80.09094,83
2,26.45372,-80.09092,84
2,26.45147,-80.09092,85
2,26.43305,-80.09074,86
2,26.42346,-80.0907,87
2,26.41059,-80.09059,88
2,26.40485,-80.09051,89
2,26.40223,-80.09076,90
2,26.40003,-80.09167,91
2,26.39804,-80.09312,92
2,26.39654,-80.09472,93
2,26.39262,-80.09904,94
2,26.3833,-80.10927,95
2,26.37723,-80.11598,96
2,26.37517,-80.11822,97
2,26.37268,-80.11993,98
2,26.36978,-80.12072,99
2,26.36675,-80.12072,100
2,26.36367,-80.12068,101
2,26.3263,-80.12008,102
2,26.32462,-80.12017,103
2,26.32291,-80.12047,104
2,26.32121,-80.12096,105
2,26.3197,-80.12144,106
2,26.31737,-80.12221,107
2,26.30618,-80.12584,108
2,26.29681,-80.12885,109
2,26.29336,-80.12998,110
2,26.29181,-80.13044,111
2,26.29028,-80.13083,112
2,26.27507,-80.13418,113
2,26.27263,-80.13471,114
2,26.27141,-80.13498,115
2,26.25571,-80.13842,116
2,26.24932,-80.13981,117
2,26.24612,-80.14047,118
2,26.22693,-80.14466,119
2,26.20802,-80.14881,120
2,26.20204,-80.1502,121
2,26.20135,-80.15034,122
2,26.20045,-80.15051,123
2,26.19102,-80.15257,124
2,26.18465,-80.15394,125
2,26.18155,-80.15499,126
2,26.16095,-80.16409,127
2,26.14918,-80.16931,128
2,26.14635,-80.17019,129
2,26.14356,-80.17029,130
2,26.13846,-80.17018,131
2,26.13617,-80.17015,132
2,26.13219,-80.17006,133
2,26.13037,-80.16999,134
2,26.12487,-80.16985,135
2,26.12081,-80.16978,136
2,26.11998,-80.16977,137
2,26.11804,-80.16975,138
2,26.11114,-80.1696,139
2,26.10928,-80.16954,140
2,26.1074,-80.16945,141
2,26.10548,-80.16944,142
2,26.09901,-80.1693,143
2,26.09524,-80.16924,144
2,26.09134,-80.16914,145
2,26.08913,-80.16913,146
2,26.08687,-80.16932,147
2,26.08463,-80.16989,148
2,26.08238,-80.17035,149
2,26.08006,-80.1702,150
2,26.07559,-80.16913,151
2,26.07368,-80.16858,152
2,26.06956,-80.16658,153
2,26.06832,-80.1662,154
2,26.06592,-80.16553,155
2,26.06466,-80.16538,156
2,26.06338,-80.16543,157
2,26.062,-80.16562,158
2,26.06165,-80.16568,159
2,26.061,-80.16577,160
2,26.05834,-80.16612,161
2,26.05119,-80.1671,162
2,26.04885,-80.16747,163
2,26.04491,-80.16802,164
2,26.04323,-80.16823,165
2,26.04162,-80.16828,166
2,26.0328,-80.1681,167
2,26.02169,-80.16787,168
2,26.0196,-80.1678,169
2,26.01322,-80.16765,170
2,26.01241,-80.16765,171
2,26.00878,-80.16758,172
2,26.0033,-80.1675,173
2,25.98688,-80.16695,174
2,25.97983,-80.16669,175
2,25.97676,-80.1666,176
2,25.96838,-80.16629,177
2,25.96586,-80.16625,178
2,25.96463,-80.16647,179
2,25.96347,-80.16687,180
2,25.96232,-80.16754,181
2,25.96141,-80.16828,182
2,25.95976,-80.17029,183
2,25.95605,-80.17538,184
2,25.95411,-80.17802,185
2,25.95198,-80.18058,186
2,25.93884,-80.19623,187
2,25.93464,-80.20126,188
2,25.93081,-80.20579,189
2,25.92907,-80.20789,190
2,25.92595,-80.21157,191
2,25.92256,-80.21564,192
2,25.92148,-80.21697,193
2,25.91443,-80.22532,194
2,25.9114,-80.2297,195
2,25.89828,-80.25618,196
2,25.89721,-80.25778,197
2,25.89584,-80.25908,198
2,25.89423,-80.25999,199
2,25.8925,-80.26047,200
2,25.89075,-80.26054,201
2,25.88376,-80.26042,202
2,25.85757,-80.25993,203
2,25.85516,-80.25986,204
2,25.85103,-80.25971,205
2,25.84723,-80.25962,206
2,25.84676,-80.2596,207
2,25.84569,-80.25959,208
2,25.84489,-80.25956,209
2,25.84367,-80.25955,210
2,25.83469,-80.25932,211
2,25.82363,-80.25901,212
2,25.82172,-80.25895,213
2,25.82004,-80.25888,214
2,25.81855,-80.25884,215
2,25.81586,-80.25882,216
2,25.81167,-80.2587,217
2,25.81008,-80.25868,218
2,25.80905,-80.25863,219
2,25.80593,-80.25855,220
2,25.80173,-80.25847,221
2,25.7999,-80.2584,222
2,25.7986,-80.25833,223
2,25.79593,-80.25825,224
