shape_id,shape_pt_lat,shape_pt_lon,shape_pt_sequence,shape_dist_traveled
2,38.220839,-77.44096,1,0
2,38.225663,-77.442705,2,558
2,38.226709,-77.442945,3,676
2,38.228127,-77.443018,4,834
2,38.229701,-77.442725,5,1011
2,38.231327,-77.441938,6,1204
2,38.24199,-77.434925,7,2538
2,38.24349,-77.43419,8,2717
2,38.245106,-77.433857,9,2899
2,38.246862,-77.433985,10,3095
2,38.24861,-77.43462,11,3297
2,38.250211,-77.435737,12,3500
2,38.251877,-77.437762,13,3756
2,38.260171,-77.450025,14,5169
2,38.26108,-77.451269,15,5317
2,38.262207,-77.45236,16,5475
2,38.263131,-77.453006,17,5592
2,38.275646,-77.459758,18,7103
2,38.276837,-77.460264,19,7243
2,38.278312,-77.460545,20,7409
2,38.287827,-77.461418,21,8470
2,38.28956,-77.461444,22,8662
2,38.293468,-77.461082,23,9098
2,38.294551,-77.460914,24,9219
2,38.295013,-77.460758,25,9272
2,38.295576,-77.460502,26,9339
2,38.296088,-77.460179,27,9402
2,38.296712,-77.459651,28,9486
2,38.297171,-77.459102,29,9556
2,38.297642,-77.458383,30,9637
2,38.29789693,-77.45783922,31,9693
2,38.2979695,-77.45768161,32,9709
2,38.29821939,-77.45702896,33,9772
2,38.29846112,-77.45642355,34,9831
2,38.29879584,-77.45550794,35,9919
2,38.2991861,-77.45448001,36,10019
2,38.29927,-77.4542423,37,10042
2,38.29952764,-77.45357512,38,10107
2,38.29975306,-77.45300327,39,10163
2,38.29981516,-77.45283656,40,10179
2,38.30021975,-77.45177383,41,10282
2,38.30042238,-77.45126644,42,10331
2,38.3006775,-77.45070612,43,10388
2,38.3010144,-77.45009447,44,10453
2,38.30143807,-77.44946797,45,10525
2,38.30191369,-77.44888926,46,10598
2,38.30227732,-77.44851087,47,10651
2,38.30322263,-77.44774115,48,10775
2,38.30339732,-77.44762737,49,10797
2,38.30422849,-77.44715143,50,10899
2,38.30461148,-77.446994,51,10943
2,38.30513375,-77.44680456,52,11004
2,38.305745,-77.44663887,53,11073
2,38.30628516,-77.44655661,54,11134
2,38.30681741,-77.44651835,55,11193
2,38.30741847,-77.44654218,56,11260
2,38.30782051,-77.44658101,57,11305
2,38.30912454,-77.44685678,58,11452
2,38.30988736,-77.44704299,59,11538
2,38.31071861,-77.4472366,60,11632
2,38.31152581,-77.4474422,61,11723
2,38.31256672,-77.44768657,62,11841
2,38.31347924,-77.44791516,63,11945
2,38.31456999,-77.44815732,64,12068
2,38.31519523,-77.4483243,65,12139
2,38.31614281,-77.44852374,66,12246
2,38.31635199,-77.44857145,67,12269
2,38.31696098,-77.44872529,68,12338
2,38.3177595,-77.44893309,69,12429
2,38.31828503,-77.44906262,70,12488
2,38.31875283,-77.44917396,71,12541
2,38.31957558,-77.4493671,72,12634
2,38.32050119,-77.44959667,73,12739
2,38.32192527,-77.44993473,74,12900
2,38.32274252,-77.45013117,75,12993
2,38.32320611,-77.45023784,76,13045
2,38.32420043,-77.45040746,77,13157
2,38.32454571,-77.45042789,78,13195
2,38.3250732,-77.45042654,79,13254
2,38.32539938,-77.4504058,80,13290
2,38.32595617,-77.45031926,81,13352
2,38.32673694,-77.45013364,82,13441
2,38.32728403,-77.44999311,83,13503
2,38.32802542,-77.44981644,84,13587
2,38.32887405,-77.44959485,85,13683
2,38.32948177,-77.44942548,86,13752
2,38.33009045,-77.44930122,87,13821
2,38.33025682,-77.4492635,88,13839
2,38.33074136,-77.44917263,89,13894
2,38.33135187,-77.44907331,90,13962
2,38.33203631,-77.44896515,91,14039
2,38.33280646,-77.44888549,92,14125
2,38.3337193,-77.44881668,93,14227
2,38.33418876,-77.44879768,94,14279
2,38.3353435,-77.44876877,95,14407
2,38.33786538,-77.448872,96,14688
2,38.33826791,-77.44888903,97,14733
2,38.3389656,-77.44890737,98,14810
2,38.33951248,-77.44888443,99,14871
2,38.33974494,-77.44886781,100,14897
2,38.34030926,-77.44877711,101,14960
2,38.34093014,-77.44861709,102,15031
2,38.34111064,-77.44854991,103,15052
2,38.34144254,-77.44842117,104,15090
2,38.34175379,-77.44828662,105,15127
2,38.34214847,-77.44808242,106,15174
2,38.34239949,-77.44794103,107,15205
2,38.34294167,-77.44757608,108,15273
2,38.34328781,-77.44729882,109,15318
2,38.34362285,-77.44701421,110,15363
2,38.34386685,-77.44678011,111,15397
2,38.34435687,-77.44625065,112,15468
2,38.34467978,-77.44584059,113,15519
2,38.34489251,-77.44556357,114,15553
2,38.34527739,-77.44496762,115,15620
2,38.34548285,-77.44460307,116,15659
2,38.34558964,-77.4444013,117,15681
2,38.34573166,-77.44412424,118,15709
2,38.34593818,-77.44365459,119,15756
2,38.34614355,-77.44313098,120,15807
2,38.34633019,-77.4425677,121,15861
2,38.34643752,-77.44221926,122,15893
2,38.34669333,-77.44106598,123,15998
2,38.34679403,-77.44035353,124,16061
2,38.34692303,-77.43934711,125,16150
2,38.34704009,-77.43837851,126,16235
2,38.34715068,-77.4374665,127,16316
2,38.34719684,-77.43707969,128,16350
2,38.3472498,-77.43654403,129,16397
2,38.34734379,-77.43588222,130,16456
2,38.34745391,-77.43497232,131,16536
2,38.34774664,-77.43254805,132,16750
2,38.34811065,-77.42951059,133,17018
2,38.34848555,-77.42646851,134,17286
2,38.34873476,-77.42443777,135,17466
2,38.34890609,-77.42293919,136,17598
2,38.34912723,-77.42113932,137,17757
2,38.34930535,-77.41966567,138,17887
2,38.34946592,-77.41835054,139,18003
2,38.34950271,-77.41801157,140,18033
2,38.34962611,-77.41715717,141,18108
2,38.34973849,-77.41662634,142,18156
2,38.34990938,-77.41595682,143,18218
2,38.35007677,-77.41541956,144,18268
2,38.3502155,-77.41503245,145,18305
2,38.35069732,-77.41395114,146,18414
2,38.35095166,-77.41348774,147,18463
2,38.35132951,-77.41287967,148,18531
2,38.35156078,-77.4125455,149,18569
2,38.35176819,-77.41226842,150,18603
2,38.35205474,-77.41193351,151,18646
2,38.35256294,-77.41140947,152,18719
2,38.35306486,-77.41096765,153,18787
2,38.35361246,-77.4105489,154,18858
2,38.35650467,-77.4083801,155,19231
2,38.35664777,-77.40827258,156,19249
2,38.35683733,-77.40812341,157,19274
2,38.35702228,-77.40799047,158,19297
2,38.35728502,-77.40779553,159,19331
2,38.35752449,-77.4076225,160,19362
2,38.35767401,-77.4075049,161,19381
2,38.35906505,-77.40647295,162,19560
2,38.36204257,-77.40425321,163,19944
2,38.36246498,-77.40395235,164,19998
2,38.36312775,-77.40349982,165,20081
2,38.36357607,-77.40321435,166,20137
2,38.36441906,-77.40277823,167,20238
2,38.36507341,-77.40247917,168,20315
2,38.36677316,-77.4017252,169,20516
2,38.36821315,-77.40108988,170,20685
2,38.37107656,-77.39983344,171,21022
2,38.37287545,-77.39903653,172,21233
2,38.37604824,-77.397637,173,21607
2,38.37650974,-77.39744566,174,21661
2,38.3769256,-77.39725961,175,21710
2,38.37712959,-77.39714825,176,21734
2,38.37788608,-77.39679152,177,21824
2,38.37852438,-77.39637055,178,21904
2,38.37909761,-77.39591181,179,21979
2,38.37963238,-77.39538055,180,22055
2,38.38002544,-77.39492008,181,22114
2,38.38074904,-77.39405998,182,22224
2,38.38198331,-77.39258042,183,22412
2,38.38260532,-77.39182299,184,22508
2,38.38320612,-77.39108993,185,22600
2,38.38363916,-77.39055935,186,22667
2,38.38419716,-77.38987839,187,22753
2,38.3845151,-77.38947704,188,22803
2,38.38485025,-77.38900377,189,22858
2,38.38525401,-77.38836534,190,22930
2,38.3855314,-77.38787509,191,22982
2,38.38586806,-77.38721204,192,23051
2,38.38604541,-77.38681737,193,23091
2,38.38616366,-77.38655669,194,23117
2,38.38637058,-77.38602899,195,23169
2,38.38647925,-77.38573975,196,23197
2,38.38668445,-77.38507506,197,23259
2,38.38675357,-77.38484222,198,23281
2,38.38690532,-77.38423456,199,23336
2,38.38697035,-77.38394342,200,23362
2,38.38708128,-77.38324034,201,23425
2,38.38721669,-77.38202317,202,23532
2,38.38730476,-77.38110577,203,23613
2,38.38736751,-77.38044113,204,23671
2,38.38739348,-77.38016104,205,23696
2,38.38740511,-77.38008685,206,23702
2,38.38740922,-77.38002899,207,23707
2,38.38741776,-77.37993762,208,23715
2,38.38747588,-77.37934424,209,23767
2,38.38757823,-77.3786425,210,23830
2,38.38769142,-77.37808563,211,23880
2,38.38781747,-77.37760958,212,23924
2,38.38791533,-77.37727796,213,23954
2,38.38808916,-77.3768139,214,23999
2,38.38823059,-77.3764876,215,24032
2,38.38843804,-77.37603811,216,24077
2,38.38877373,-77.3754556,217,24140
2,38.38895461,-77.37519135,218,24171
2,38.38934235,-77.37466479,219,24234
2,38.3897057,-77.37426059,220,24287
2,38.39013287,-77.37384991,221,24347
2,38.39093227,-77.37324765,222,24450
2,38.39339037,-77.37167338,223,24756
2,38.39568107,-77.37022486,224,25040
2,38.39841272,-77.36849063,225,25379
2,38.40067905,-77.36706385,226,25660
2,38.40112731,-77.36677183,227,25716
2,38.40241991,-77.36595694,228,25877
2,38.40332869,-77.36537994,229,25990
2,38.40359725,-77.36521815,230,26023
2,38.40399526,-77.36499867,231,26071
2,38.4044538,-77.36477482,232,26125
2,38.40500407,-77.36454543,233,26190
2,38.4056665,-77.36433379,234,26266
2,38.40593095,-77.36426686,235,26296
2,38.40642221,-77.36416963,236,26351
2,38.40795244,-77.36390759,237,26523
2,38.41016962,-77.36356097,238,26771
2,38.41261187,-77.36316868,239,27045
2,38.41304521,-77.36308616,240,27094
2,38.41387862,-77.36287494,241,27188
2,38.41440096,-77.36269735,242,27248
2,38.41505059,-77.36242677,243,27324
2,38.41604442,-77.36191177,244,27443
2,38.4163315,-77.36174222,245,27479
2,38.41662621,-77.36154866,246,27515
2,38.41721594,-77.3611209,247,27591
2,38.41770735,-77.36072725,248,27655
2,38.41807336,-77.36041055,249,27704
2,38.41921339,-77.35922561,250,27868
2,38.42130682,-77.35692961,251,28175
2,38.42154157,-77.35666011,252,28210
2,38.42300828,-77.35511588,253,28421
2,38.42399012,-77.353979,254,28569
2,38.42422553,-77.35373294,255,28603
2,38.42436892,-77.35356738,256,28624
2,38.42541908,-77.35241039,257,28778
2,38.42600733,-77.35176654,258,28865
2,38.4264641,-77.35126197,259,28932
2,38.42745423,-77.35017938,260,29077
2,38.42902618,-77.34844937,261,29307
2,38.43037888,-77.34696481,262,29506
2,38.43375093,-77.34326871,263,30000
2,38.43515763,-77.34172349,264,30206
2,38.43611619,-77.3406773,265,30347
2,38.43696399,-77.33973845,266,30471
2,38.4383799,-77.33818667,267,30679
2,38.43914267,-77.33733764,268,30791
2,38.44095798,-77.33535846,269,31057
2,38.44153991,-77.33472535,270,31142
2,38.441873,-77.33435837,271,31191
2,38.44312028,-77.33298266,272,31374
2,38.44430747,-77.33169124,273,31548
2,38.44527483,-77.33075171,274,31683
2,38.44560646,-77.33046273,275,31727
2,38.44614111,-77.33002573,276,31798
2,38.44647732,-77.32978592,277,31841
2,38.44722723,-77.32926612,278,31936
2,38.44734748,-77.32918567,279,31951
2,38.44769446,-77.32898896,280,31993
2,38.44809404,-77.32877843,281,32041
2,38.44839519,-77.32864604,282,32076
2,38.44949993,-77.32826707,283,32204
2,38.45085704,-77.32787191,284,32358
2,38.45211913,-77.32750592,285,32502
2,38.45262044,-77.32736032,286,32559
2,38.45347985,-77.32711465,287,32657
2,38.45440161,-77.32684462,288,32763
2,38.45578512,-77.3264427,289,32920
2,38.45633231,-77.32628554,290,32983
2,38.45757001,-77.32592584,291,33124
2,38.45842886,-77.32567706,292,33222
2,38.46002537,-77.32522917,293,33403
2,38.46134729,-77.32483982,294,33554
2,38.4625934,-77.32447903,295,33696
2,38.4636982,-77.32415449,296,33822
2,38.46414493,-77.32402887,297,33873
2,38.46421211,-77.32401009,298,33881
2,38.46428968,-77.3239895,299,33890
2,38.46560262,-77.32360821,300,34040
2,38.4673772,-77.32310301,301,34242
2,38.46868955,-77.32272571,302,34391
2,38.47013877,-77.32229651,303,34557
2,38.47092069,-77.32203096,304,34647
2,38.47104408,-77.32198719,305,34661
2,38.47115274,-77.32194914,306,34673
2,38.47125315,-77.32190938,307,34685
2,38.47179672,-77.32170727,308,34748
2,38.47242707,-77.32144778,309,34822
2,38.47291624,-77.32123292,310,34879
2,38.47315639,-77.32112335,311,34908
2,38.47379851,-77.32082361,312,34984
2,38.4741848,-77.32061785,313,35030
2,38.47463638,-77.32037869,314,35084
2,38.47530146,-77.32001393,315,35165
2,38.47574499,-77.31975745,316,35219
2,38.47644851,-77.31932995,317,35306
2,38.477713,-77.31849307,318,35464
2,38.47985242,-77.31701785,319,35734
2,38.47999672,-77.31691688,320,35753
2,38.48021529,-77.31677419,321,35780
2,38.48055831,-77.31654824,322,35823
2,38.48082931,-77.31636508,323,35857
2,38.48119549,-77.31613813,324,35902
2,38.48152327,-77.31594072,325,35943
2,38.48171234,-77.31583617,326,35965
2,38.48207006,-77.31564568,327,36009
2,38.48248821,-77.3154423,328,36058
2,38.4827451,-77.31532344,329,36089
2,38.48305196,-77.31518363,330,36125
2,38.48350377,-77.3149882,331,36178
2,38.48438384,-77.31469847,332,36279
2,38.48606684,-77.31423633,333,36470
2,38.48760355,-77.31382681,334,36645
2,38.49015382,-77.31315949,335,36934
2,38.49128005,-77.31285351,336,37062
2,38.49151202,-77.31280241,337,37089
2,38.49286585,-77.31244826,338,37242
2,38.49515583,-77.31184373,339,37502
2,38.49720666,-77.31130804,340,37735
2,38.49870261,-77.31090925,341,37905
2,38.49925347,-77.31075684,342,37968
2,38.49934489,-77.31073119,343,37978
2,38.49970849,-77.31063488,344,38019
2,38.49990865,-77.31058461,345,38042
2,38.50143846,-77.3101805,346,38216
2,38.50266989,-77.30987317,347,38355
2,38.50386871,-77.3095469,348,38492
2,38.50528246,-77.30916995,349,38652
2,38.50574019,-77.30904972,350,38704
2,38.50667901,-77.30878831,351,38811
2,38.50706787,-77.30866994,352,38855
2,38.5076994,-77.30843454,353,38929
2,38.5082467,-77.30816263,354,38994
2,38.50863295,-77.30793785,355,39041
2,38.50925224,-77.30750159,356,39120
2,38.50989555,-77.30697713,357,39205
2,38.51046317,-77.30644758,358,39283
2,38.51096755,-77.30594522,359,39354
2,38.51153725,-77.30529605,360,39439
2,38.51293493,-77.30355379,361,39656
2,38.51361317,-77.30267523,362,39763
2,38.51548037,-77.30021874,363,40061
2,38.51642516,-77.29898856,364,40211
2,38.51719456,-77.29798722,365,40333
2,38.51803824,-77.29690346,366,40466
2,38.51862452,-77.29616592,367,40558
2,38.5188928,-77.29585603,368,40598
2,38.51919852,-77.29552561,369,40642
2,38.51972443,-77.29498722,370,40717
2,38.52038974,-77.29435905,371,40809
2,38.52238084,-77.29274307,372,41072
2,38.52351267,-77.29184024,373,41220
2,38.52429058,-77.29122619,374,41322
2,38.5250793,-77.29058286,375,41426
2,38.52589801,-77.28988572,376,41535
2,38.52650389,-77.28930414,377,41619
2,38.5286958,-77.28727297,378,41920
2,38.53048383,-77.2858842,379,42153
2,38.53127456,-77.28542131,380,42250
2,38.53213912,-77.28499683,381,42353
2,38.53346228,-77.28439092,382,42509
2,38.53528729,-77.28360808,383,42723
2,38.5385951,-77.28206138,384,43115
2,38.54177471,-77.28050272,385,43493
2,38.54449362,-77.27925153,386,43815
2,38.54563672,-77.27871402,387,43950
2,38.54685417,-77.27805648,388,44097
2,38.54760077,-77.27757533,389,44190
2,38.54833435,-77.27706332,390,44283
2,38.54880214,-77.27669414,391,44344
2,38.54972631,-77.27590026,392,44468
2,38.55082559,-77.27483008,393,44621
2,38.55127597,-77.27433605,394,44687
2,38.55185449,-77.27363454,395,44776
2,38.5527387,-77.27249395,396,44916
2,38.55353628,-77.27132764,397,45050
2,38.55444982,-77.26991079,398,45210
2,38.55516428,-77.26882787,399,45333
2,38.55639854,-77.26687889,400,45551
2,38.55749119,-77.26528397,401,45736
2,38.55780293,-77.26491165,402,45783
2,38.55836374,-77.26430516,403,45865
2,38.55894171,-77.2637859,404,45943
2,38.55966079,-77.26327719,405,46035
2,38.56009559,-77.26301766,406,46088
2,38.56052575,-77.26280001,407,46140
2,38.56097886,-77.26260211,408,46193
2,38.56133751,-77.26248002,409,46234
2,38.56191981,-77.26233412,410,46300
2,38.56241286,-77.26225558,411,46355
2,38.56289283,-77.26221849,412,46409
2,38.56404355,-77.26224712,413,46537
2,38.56446467,-77.26227009,414,46584
2,38.56550359,-77.26232187,415,46699
2,38.56629047,-77.26238735,416,46787
2,38.56691327,-77.26245962,417,46856
2,38.56875266,-77.26270321,418,47062
2,38.56949961,-77.26280105,419,47146
2,38.57042916,-77.26292209,420,47249
2,38.57135013,-77.26305582,421,47353
2,38.57178457,-77.26313268,422,47401
2,38.57225913,-77.26325802,423,47455
2,38.57272191,-77.26342826,424,47509
2,38.57517187,-77.26446698,425,47796
2,38.57767613,-77.26551382,426,48089
2,38.57825611,-77.26572143,427,48156
2,38.57867413,-77.26583714,428,48203
2,38.57939769,-77.26595969,429,48284
2,38.58015202,-77.26599764,430,48368
2,38.58073994,-77.26596211,431,48434
2,38.58120802,-77.26589672,432,48486
2,38.58151262,-77.26584007,433,48520
2,38.58189535,-77.2657479,434,48564
2,38.58229735,-77.265597,435,48610
2,38.58255721,-77.26550325,436,48640
2,38.58265987,-77.26544759,437,48653
2,38.58308179,-77.26523328,438,48703
2,38.58350954,-77.26498278,439,48755
2,38.58391798,-77.26471956,440,48806
2,38.58492688,-77.26397421,441,48936
2,38.58526441,-77.26375083,442,48978
2,38.58532441,-77.26371469,443,48985
2,38.58540374,-77.26366572,444,48995
2,38.58591886,-77.2632942,445,49061
2,38.58760785,-77.26204148,446,49278
2,38.5879007,-77.26184854,447,49315
2,38.58893993,-77.26107432,448,49448
2,38.58938519,-77.26074473,449,49506
2,38.58966019,-77.26054559,450,49541
2,38.59016068,-77.2602101,451,49604
2,38.59093541,-77.25974377,452,49699
2,38.59163242,-77.25938128,453,49782
2,38.5921127,-77.25914974,454,49840
2,38.59239123,-77.25901849,455,49873
2,38.59266446,-77.25891907,456,49904
2,38.59280024,-77.25887028,457,49920
2,38.59299335,-77.25879372,458,49942
2,38.5931496,-77.25874779,459,49960
2,38.59530712,-77.25815209,460,50206
2,38.5959078,-77.25793353,461,50275
2,38.59834623,-77.25724671,462,50553
2,38.59909648,-77.25704238,463,50638
2,38.59933658,-77.25694163,464,50666
2,38.59947912,-77.25688404,465,50683
2,38.5997872,-77.25678127,466,50718
2,38.60086487,-77.25648979,467,50840
2,38.60105407,-77.25644902,468,50862
2,38.60117228,-77.25642489,469,50875
2,38.60134309,-77.2563965,470,50894
2,38.60376,-77.25572133,471,51169
2,38.60622958,-77.25503528,472,51450
2,38.60761159,-77.25464455,473,51608
2,38.60861472,-77.25437662,474,51722
2,38.60917131,-77.25421108,475,51785
2,38.60938211,-77.25415586,476,51809
2,38.60978041,-77.25403955,477,51855
2,38.61040228,-77.25389696,478,51925
2,38.61114695,-77.2537337,479,52009
2,38.61245034,-77.25349404,480,52155
2,38.6142701,-77.25319393,481,52359
2,38.61752413,-77.2526542,482,52724
2,38.62054701,-77.25214626,483,53063
2,38.62232214,-77.25183842,484,53262
2,38.62303011,-77.25172994,485,53342
2,38.62416337,-77.25161234,486,53468
2,38.62537549,-77.25153543,487,53603
2,38.62670216,-77.25151037,488,53751
2,38.6297266,-77.25147138,489,54087
2,38.63281572,-77.25143991,490,54430
2,38.6349991,-77.25146091,491,54673
2,38.63823411,-77.25141372,492,55033
2,38.6417403,-77.25138071,493,55423
2,38.6437161,-77.25135757,494,55642
2,38.64506085,-77.25136486,495,55792
2,38.64642495,-77.25135388,496,55944
2,38.64774054,-77.25136566,497,56090
2,38.64841601,-77.25134252,498,56165
2,38.65019998,-77.25118746,499,56364
2,38.65109515,-77.2511002,500,56464
2,38.65213249,-77.25092962,501,56580
2,38.65287352,-77.25074234,502,56664
2,38.65378119,-77.25048915,503,56767
2,38.65462009,-77.25021011,504,56864
2,38.65490263,-77.25014024,505,56896
2,38.65541644,-77.24993448,506,56956
2,38.65644911,-77.2495196,507,57076
2,38.65778252,-77.2489005,508,57234
2,38.65853803,-77.24852085,509,57324
2,38.65957661,-77.24793317,510,57450
2,38.66009823,-77.2476022,511,57515
2,38.66051129,-77.24733338,512,57566
2,38.66115568,-77.24687055,513,57649
2,38.66239043,-77.24593226,514,57808
2,38.66325897,-77.2452243,515,57923
2,38.66430513,-77.2442628,516,58066
2,38.66459664,-77.24397613,517,58107
2,38.66494634,-77.24360861,518,58157
2,38.66539462,-77.24308724,519,58224
2,38.66573489,-77.24265711,520,58278
2,38.66636838,-77.24177573,521,58382
2,38.66654266,-77.24153062,522,58410
2,38.66793461,-77.23948758,523,58646
2,38.66803638,-77.23930919,524,58665
2,38.66859655,-77.2384842,525,58760
2,38.66978976,-77.2367197,526,58962
2,38.67091671,-77.23507007,527,59153
2,38.67161969,-77.23402614,528,59272
2,38.67257333,-77.23262971,529,59434
2,38.67337015,-77.23151485,530,59565
2,38.67391368,-77.23088363,531,59646
2,38.6744383,-77.2303873,532,59719
2,38.67490562,-77.23001206,533,59780
2,38.67558238,-77.22955846,534,59865
2,38.67590308,-77.22938179,535,59904
2,38.67642146,-77.22913602,536,59965
2,38.67691145,-77.22895448,537,60022
2,38.67746032,-77.22880132,538,60085
2,38.67802994,-77.22867821,539,60149
2,38.67813767,-77.22865945,540,60161
2,38.67831775,-77.22861879,541,60181
2,38.67886243,-77.22851347,542,60242
2,38.68226432,-77.22784557,543,60625
2,38.68471597,-77.22736963,544,60901
2,38.68714682,-77.22687025,545,61175
2,38.68851552,-77.22650333,546,61330
2,38.68986316,-77.22607997,547,61484
2,38.69208446,-77.2253597,548,61739
2,38.6942472,-77.22465859,549,61987
2,38.69609833,-77.22406385,550,62199
2,38.69675799,-77.22383394,551,62275
2,38.70021098,-77.2227317,552,62671
2,38.70310254,-77.22179678,553,63003
2,38.70496335,-77.22122255,554,63216
2,38.70531175,-77.22110287,555,63256
2,38.70559377,-77.22100335,556,63288
2,38.70571045,-77.22096654,557,63302
2,38.70668123,-77.22066858,558,63413
2,38.70739349,-77.22040504,559,63495
2,38.70841956,-77.22008573,560,63612
2,38.70933657,-77.21977731,561,63718
2,38.71025651,-77.21936326,562,63826
2,38.71081686,-77.21904473,563,63894
2,38.71135718,-77.21868143,564,63962
2,38.71173459,-77.21836664,565,64012
2,38.71199711,-77.21812027,566,64049
2,38.71221441,-77.21791296,567,64079
2,38.71279364,-77.21726682,568,64164
2,38.7135438,-77.21643488,569,64274
2,38.71493471,-77.21476996,570,64486
2,38.71655739,-77.21291281,571,64728
2,38.71790825,-77.21134851,572,64930
2,38.71887309,-77.21022981,573,65075
2,38.71999111,-77.20890964,574,65244
2,38.72065502,-77.20805027,575,65349
2,38.72120792,-77.20723168,576,65443
2,38.72170196,-77.20641088,577,65533
2,38.72211448,-77.2056695,578,65612
2,38.72227741,-77.20532969,579,65646
2,38.72279868,-77.20417766,580,65762
2,38.72296191,-77.20379745,581,65800
2,38.72325608,-77.20302286,582,65874
2,38.72505998,-77.19834311,583,66327
2,38.72668063,-77.19416719,584,66732
2,38.72709274,-77.19311317,585,66834
2,38.72748722,-77.19212625,586,66930
2,38.72803274,-77.19108186,587,67039
2,38.72851667,-77.19033867,588,67123
2,38.72908691,-77.18962065,589,67212
2,38.72949099,-77.18917087,590,67272
2,38.73000271,-77.18869884,591,67342
2,38.73045476,-77.18831674,592,67402
2,38.7307718,-77.1881126,593,67441
2,38.7314888,-77.18771153,594,67528
2,38.73221148,-77.18740147,595,67613
2,38.73435532,-77.18678548,596,67857
2,38.734953,-77.18661194,597,67926
2,38.73532758,-77.1865181,598,67968
2,38.73768974,-77.18584046,599,68237
2,38.73832235,-77.18566474,600,68309
2,38.73884514,-77.18551502,601,68369
2,38.73991117,-77.18520909,602,68490
2,38.74073466,-77.18496503,603,68584
2,38.74212162,-77.18451992,604,68743
2,38.74294399,-77.18425674,605,68837
2,38.74335554,-77.18409514,606,68885
2,38.74443151,-77.18366855,607,69010
2,38.7456143,-77.18316725,608,69149
2,38.74612298,-77.18292449,609,69209
2,38.74719938,-77.18244147,610,69336
2,38.74841368,-77.18175188,611,69484
2,38.75114343,-77.18021169,612,69815
2,38.75290748,-77.17911638,613,70033
2,38.75350486,-77.17873912,614,70107
2,38.75503329,-77.17780204,615,70296
2,38.75584724,-77.17729115,616,70397
2,38.75677079,-77.17672362,617,70510
2,38.75736415,-77.17636619,618,70583
2,38.75779143,-77.17609813,619,70636
2,38.75824353,-77.17579632,620,70693
2,38.75885599,-77.17544776,621,70767
2,38.75982425,-77.17481573,622,70888
2,38.76186176,-77.17356781,623,71139
2,38.7624595,-77.17319222,624,71213
2,38.76318189,-77.17264258,625,71307
2,38.7640567,-77.17181241,626,71428
2,38.76487156,-77.17075176,627,71557
2,38.76544416,-77.16976631,628,71663
2,38.7660135,-77.16848336,629,71791
2,38.76657313,-77.1671564,630,71922
2,38.76731285,-77.16538982,631,72096
2,38.76759927,-77.16464646,632,72168
2,38.76787973,-77.1640371,633,72229
2,38.76845858,-77.16299675,634,72340
2,38.7689699,-77.16218813,635,72430
2,38.76949852,-77.16147694,636,72515
2,38.77021108,-77.16062534,637,72624
2,38.77076038,-77.16003286,638,72704
2,38.77154563,-77.15935862,639,72809
2,38.77216309,-77.15886836,640,72889
2,38.77270281,-77.1584957,641,72958
2,38.77350249,-77.15805689,642,73054
2,38.77427001,-77.157717,643,73145
2,38.77480888,-77.1575021,644,73207
2,38.7753918,-77.15733058,645,73274
2,38.77625897,-77.15713833,646,73372
2,38.77725519,-77.15696191,647,73484
2,38.78145852,-77.15627047,648,73955
2,38.7847948,-77.15571131,649,74329
2,38.78736842,-77.15530544,650,74617
2,38.78989751,-77.1548856,651,74901
2,38.79054409,-77.15474497,652,74974
2,38.7913507,-77.15447892,653,75066
2,38.79234145,-77.15399728,654,75184
2,38.79313788,-77.15339995,655,75287
2,38.79403596,-77.15255568,656,75410
2,38.79452281,-77.1519705,657,75485
2,38.7949062,-77.15143012,658,75548
2,38.79530989,-77.15075871,659,75621
2,38.79571339,-77.1499915,660,75702
2,38.79607827,-77.14905828,661,75792
2,38.7962917,-77.14842082,662,75852
2,38.79649567,-77.14760252,663,75927
2,38.79666762,-77.1467295,664,76005
2,38.79708923,-77.14378727,665,76264
2,38.79735439,-77.1419242,666,76428
2,38.7978172,-77.13873253,667,76709
2,38.7981711,-77.13610233,668,76941
2,38.79857146,-77.13326819,669,77190
2,38.79915266,-77.12908799,670,77558
2,38.79933313,-77.12780513,671,77671
2,38.79970376,-77.12501366,672,77917
2,38.80011531,-77.12226466,673,78159
2,38.80053838,-77.11988707,674,78371
2,38.8011034,-77.1175593,675,78582
2,38.80217177,-77.11440303,676,78880
2,38.80296962,-77.11255974,677,79063
2,38.80429175,-77.10999471,678,79329
2,38.80581136,-77.10740571,679,79610
2,38.80645935,-77.1061538,680,79740
2,38.80692935,-77.10449911,681,79893
2,38.80726481,-77.10294237,682,80033
2,38.80738991,-77.1013108,683,80175
2,38.80719443,-77.09914899,684,80364
2,38.80682636,-77.09716687,685,80540
2,38.80621368,-77.09401657,686,80822
2,38.80587716,-77.09176206,687,81020
2,38.80567974,-77.08946861,688,81220
2,38.80537295,-77.08377826,689,81715
2,38.80498427,-77.07835958,690,82186
2,38.80488664,-77.07646183,691,82351
2,38.80450402,-77.07010483,692,82903
2,38.80445679,-77.06820276,693,83068
2,38.80453028,-77.06723248,694,83153
2,38.80485184,-77.06560678,695,83298
2,38.80525866,-77.06432411,696,83418
2,38.8055056,-77.06372891,697,83477
2,38.806929,-77.06099924,698,83761
2,38.80756304,-77.05998603,699,83874
2,38.80854902,-77.05872289,700,84029
2,38.80936819,-77.0577699,701,84152
2,38.81046301,-77.05672265,702,84303
2,38.81304911,-77.05482703,703,84635
2,38.81919699,-77.05044307,704,85417
2,38.82307135,-77.04775877,705,85906
2,38.82397073,-77.04731333,706,86013
2,38.82461123,-77.04707282,707,86088
2,38.82522351,-77.04692277,708,86157
2,38.82616971,-77.04687669,709,86262
2,38.82950556,-77.04698968,710,86633
2,38.83212437,-77.04711308,711,86925
2,38.83330949,-77.04703109,712,87057
2,38.83498246,-77.04683471,713,87243
2,38.83605002,-77.04675948,714,87362
2,38.83712302,-77.04687081,715,87482
2,38.8379081,-77.04712364,716,87572
2,38.83846481,-77.0473857,717,87638
2,38.83993993,-77.04824835,718,87818
2,38.84055608,-77.0485966,719,87893
2,38.8415663,-77.04917488,720,88016
2,38.84242837,-77.04955361,721,88117
2,38.84399659,-77.05000698,722,88296
2,38.84489207,-77.05024616,723,88398
2,38.84588546,-77.0504716,724,88510
2,38.84630723,-77.05051621,725,88557
2,38.84702141,-77.05053347,726,88636
2,38.84794609,-77.05043918,727,88740
2,38.84823439,-77.05036669,728,88772
2,38.84937448,-77.04996137,729,88904
2,38.85002098,-77.049642,730,88981
2,38.85055352,-77.04931129,731,89047
2,38.85147136,-77.04872161,732,89161
2,38.85195828,-77.04843882,733,89220
2,38.8523748,-77.0482624,734,89269
2,38.85354184,-77.0479985,735,89401
2,38.85492938,-77.04775318,736,89556
2,38.8559281,-77.04780861,737,89668
2,38.85662959,-77.04794039,738,89746
2,38.85825742,-77.04833324,739,89931
2,38.85874843,-77.04833194,740,89985
2,38.86059614,-77.04808755,741,90192
2,38.86187911,-77.04806615,742,90334
2,38.86244685,-77.04801707,743,90398
2,38.86305465,-77.04776571,744,90469
2,38.86438227,-77.04704253,745,90629
2,38.86500663,-77.04667222,746,90706
2,38.86617551,-77.04580648,747,90856
2,38.86774568,-77.04450633,748,91063
2,38.86936738,-77.04310827,749,91280
2,38.87056713,-77.04206888,750,91441
2,38.87110201,-77.04160804,751,91513
2,38.87147156,-77.04128659,752,91563
2,38.87720013,-77.03634321,753,92330
2,38.87727023,-77.03629298,754,92339
2,38.87791688,-77.03576089,755,92424
2,38.87877229,-77.03511826,756,92535
2,38.87892099,-77.03500942,757,92554
2,38.87931357,-77.03472268,758,92604
2,38.87945301,-77.03462977,759,92621
2,38.88002668,-77.03422199,760,92694
2,38.88081083,-77.03366202,761,92794
2,38.88163152,-77.03306356,762,92899
2,38.8820926,-77.03274309,763,92957
2,38.88230855,-77.03256729,764,92986
2,38.88259617,-77.03235965,765,93022
2,38.88290252,-77.03213855,766,93061
2,38.88306504,-77.031987,767,93084
2,38.88318445,-77.03185826,768,93101
2,38.88356316,-77.03133308,769,93163
2,38.88375837,-77.03097295,770,93201
2,38.88394177,-77.03045241,771,93250
2,38.88463857,-77.02795253,772,93480
2,38.88493064,-77.02682009,773,93583
2,38.88529881,-77.02552169,774,93703
2,38.88570752,-77.02404895,775,93838
2,38.88580909,-77.02362789,776,93877
2,38.8858567,-77.02338462,777,93898
2,38.88588103,-77.02296003,778,93935
2,38.88587843,-77.02279405,779,93950
2,38.88585425,-77.02254825,780,93971
2,38.88580183,-77.02226387,781,93996
2,38.88564978,-77.02168091,782,94049
2,38.88459616,-77.01791458,783,94396
2,38.88362576,-77.01447022,784,94713
2,38.88339925,-77.01289836,785,94851
2,38.88344345,-77.0120634,786,94924
2,38.88360721,-77.01072268,787,95041
2,38.88395254,-77.00941245,788,95161
2,38.88436414,-77.00836313,789,95263
2,38.88480111,-77.00758441,790,95346
2,38.8983405,-77.00507254,791,99867
4,38.729079,-77.526515,1,0
4,38.729844,-77.525218,2,141
4,38.730577,-77.524257,3,258
4,38.730984,-77.523611,4,330
4,38.731603,-77.522551,5,445
4,38.732132,-77.521651,6,542
4,38.732716,-77.520636,7,652
4,38.733647,-77.519043,8,824
4,38.734148,-77.518183,9,917
4,38.735048,-77.51663,10,1085
4,38.735628,-77.515638,11,1193
4,38.73654,-77.51407,12,1362
4,38.737221,-77.512917,13,1488
4,38.739152,-77.509585,14,1848
4,38.739822,-77.50842,15,1973
4,38.740644,-77.507018,16,2126
4,38.741501,-77.505483,17,2289
4,38.742034,-77.50446,18,2396
4,38.742673,-77.503208,19,2526
4,38.743498,-77.501481,20,2701
4,38.743796,-77.500806,21,2769
4,38.744075,-77.500145,22,2834
4,38.744444,-77.499286,23,2919
4,38.744761,-77.498484,24,2997
4,38.745032,-77.497819,25,3062
4,38.745436,-77.496735,26,3166
4,38.745814,-77.495669,27,3268
4,38.746153,-77.494681,28,3361
4,38.74646,-77.493714,29,3452
4,38.746885,-77.492336,30,3580
4,38.747147,-77.491494,31,3659
4,38.747357,-77.49068,32,3733
4,38.747583,-77.48979,33,3814
4,38.747837,-77.488809,34,3904
4,38.748008,-77.488032,35,3974
4,38.748223,-77.48704,36,4063
4,38.748454,-77.485942,37,4162
4,38.748628,-77.48505,38,4242
4,38.748832,-77.483874,39,4346
4,38.749006,-77.48277,40,4444
4,38.749266,-77.480947,41,4605
4,38.749471,-77.479287,42,4750
4,38.749786,-77.47665,43,4982
4,38.749944,-77.475284,44,5101
4,38.750091,-77.474074,45,5208
4,38.750229,-77.472912,46,5310
4,38.750363,-77.471691,47,5417
4,38.75058,-77.469909,48,5573
4,38.75071,-77.468783,49,5672
4,38.750966,-77.466845,50,5842
4,38.751295,-77.465096,51,5998
4,38.751554,-77.464011,52,6096
4,38.751962,-77.462629,53,6225
4,38.75222,-77.461895,54,6294
4,38.752727,-77.460636,55,6417
4,38.753115,-77.459808,56,6501
4,38.753482,-77.459101,57,6575
4,38.753789,-77.458558,58,6633
4,38.754385,-77.457609,59,6739
4,38.755299,-77.456179,60,6899
4,38.756144,-77.454903,61,7044
4,38.757669,-77.452595,62,7306
4,38.758995,-77.450595,63,7534
4,38.759499,-77.449833,64,7621
4,38.760841,-77.447793,65,7852
4,38.761078,-77.447445,66,7892
4,38.761614,-77.446624,67,7985
4,38.762328,-77.445539,68,8108
4,38.76335,-77.443988,69,8284
4,38.763706,-77.443443,70,8346
4,38.764211,-77.442696,71,8431
4,38.764756,-77.441926,72,8522
4,38.765865,-77.440487,73,8697
4,38.766557,-77.439673,74,8801
4,38.767269,-77.438879,75,8906
4,38.767817,-77.438303,76,8985
4,38.768442,-77.437669,77,9074
4,38.768963,-77.437169,78,9146
4,38.769589,-77.436596,79,9232
4,38.770302,-77.436007,80,9326
4,38.770487,-77.435873,81,9350
4,38.77087,-77.435609,82,9398
4,38.771272,-77.435393,83,9446
4,38.771686,-77.4352,84,9495
4,38.772146,-77.435052,85,9548
4,38.772397,-77.435,86,9576
4,38.772797,-77.434938,87,9621
4,38.773146,-77.434939,88,9660
4,38.773489,-77.434935,89,9698
4,38.774235,-77.435018,90,9781
4,38.774615,-77.435077,91,9824
4,38.775073,-77.435137,92,9875
4,38.775582,-77.435146,93,9932
4,38.77596,-77.43512,94,9974
4,38.776529,-77.435002,95,10038
4,38.776915,-77.434889,96,10082
4,38.777432,-77.434608,97,10144
4,38.777961,-77.434187,98,10214
4,38.778274,-77.433876,99,10258
4,38.778585,-77.433486,100,10306
4,38.778757,-77.433176,101,10339
4,38.778917,-77.432944,102,10366
4,38.77918,-77.432408,103,10421
4,38.779304,-77.43208,104,10452
4,38.779468,-77.43154,105,10503
4,38.779567,-77.430958,106,10554
4,38.779614,-77.430505,107,10594
4,38.779625,-77.430069,108,10632
4,38.779598,-77.429685,109,10665
4,38.779543,-77.429092,110,10717
4,38.779448,-77.428669,111,10755
4,38.779287,-77.428057,112,10811
4,38.779143,-77.427667,113,10848
4,38.779004,-77.427352,114,10880
4,38.77874,-77.426782,115,10937
4,38.778499,-77.42631,116,10986
4,38.778177,-77.425651,117,11054
4,38.777934,-77.425146,118,11105
4,38.777752,-77.424773,119,11143
4,38.777517,-77.424163,120,11202
4,38.777349,-77.423678,121,11248
4,38.776873,-77.422113,122,11394
4,38.776675,-77.421484,123,11453
4,38.776607,-77.421253,124,11474
4,38.776411,-77.42061,125,11534
4,38.776167,-77.419945,126,11597
4,38.775964,-77.41949,127,11643
4,38.775682,-77.418907,128,11702
4,38.774682,-77.416824,129,11914
4,38.774565,-77.416551,130,11941
4,38.77445,-77.416236,131,11972
4,38.774301,-77.41571,132,12020
4,38.774246,-77.415389,133,12049
4,38.774209,-77.415076,134,12076
4,38.774199,-77.414629,135,12115
4,38.774252,-77.413949,136,12174
4,38.774326,-77.413401,137,12222
4,38.774492,-77.41257,138,12297
4,38.774824,-77.41124,139,12418
4,38.774971,-77.410659,140,12471
4,38.775174,-77.40987,141,12543
4,38.775359,-77.409161,142,12608
4,38.775588,-77.408391,143,12679
4,38.77585,-77.407702,144,12745
4,38.776184,-77.406961,145,12820
4,38.776381,-77.406567,146,12860
4,38.776681,-77.405917,147,12926
4,38.776884,-77.405424,148,12974
4,38.776969,-77.405171,149,12998
4,38.777082,-77.404751,150,13036
4,38.777175,-77.404265,151,13080
4,38.77727,-77.403693,152,13130
4,38.777437,-77.402631,153,13224
4,38.777527,-77.401996,154,13280
4,38.777577,-77.401678,155,13308
4,38.777665,-77.401049,156,13364
4,38.777799,-77.400175,157,13441
4,38.777966,-77.399064,158,13539
4,38.778141,-77.397936,159,13639
4,38.778362,-77.396506,160,13765
4,38.77869,-77.394354,161,13955
4,38.778765,-77.393814,162,14003
4,38.778871,-77.393116,163,14064
4,38.779017,-77.392341,164,14134
4,38.779168,-77.39161,165,14199
4,38.779275,-77.39124,166,14233
4,38.779468,-77.390556,167,14296
4,38.779673,-77.389974,168,14352
4,38.780164,-77.388789,169,14468
4,38.780897,-77.387101,170,14636
4,38.781715,-77.385207,171,14823
4,38.782328,-77.383802,172,14963
4,38.782504,-77.383396,173,15003
4,38.782798,-77.382713,174,15071
4,38.782943,-77.382323,175,15108
4,38.78308,-77.381828,176,15154
4,38.783147,-77.381544,177,15179
4,38.783245,-77.380882,178,15238
4,38.783277,-77.380358,179,15283
4,38.783275,-77.380008,180,15314
4,38.783269,-77.379753,181,15336
4,38.783215,-77.379242,182,15381
4,38.783157,-77.378939,183,15408
4,38.783073,-77.378595,184,15439
4,38.782942,-77.378155,185,15480
4,38.782816,-77.377814,186,15512
4,38.782617,-77.377251,187,15566
4,38.782463,-77.376776,188,15611
4,38.78226,-77.376217,189,15664
4,38.782105,-77.37573,190,15710
4,38.781987,-77.375282,191,15751
4,38.78192,-77.374938,192,15781
4,38.781838,-77.374259,193,15841
4,38.781826,-77.373761,194,15884
4,38.781875,-77.373091,195,15942
4,38.781969,-77.372526,196,15992
4,38.782116,-77.371986,197,16042
4,38.782285,-77.371526,198,16086
4,38.782418,-77.371223,199,16116
4,38.782597,-77.370853,200,16154
4,38.782764,-77.370593,201,16183
4,38.783168,-77.369955,202,16254
4,38.783501,-77.369433,203,16313
4,38.784068,-77.368556,204,16412
4,38.784632,-77.367691,205,16509
4,38.784929,-77.367209,206,16563
4,38.785584,-77.366258,207,16673
4,38.786002,-77.365655,208,16743
4,38.786271,-77.365332,209,16784
4,38.786575,-77.365025,210,16827
4,38.786971,-77.364693,211,16879
4,38.787612,-77.364164,212,16964
4,38.788901,-77.363125,213,17133
4,38.789374,-77.362742,214,17195
4,38.789736,-77.362422,215,17244
4,38.789974,-77.362178,216,17278
4,38.790319,-77.361727,217,17333
4,38.790887,-77.360876,218,17430
4,38.792939,-77.357788,219,17782
4,38.7938,-77.356453,220,17932
4,38.794914,-77.354744,221,18125
4,38.795706,-77.353541,222,18262
4,38.796012,-77.353073,223,18314
4,38.796349,-77.352569,224,18372
4,38.796644,-77.352108,225,18424
4,38.796912,-77.35162,226,18475
4,38.797054,-77.351303,227,18507
4,38.797229,-77.350893,228,18548
4,38.79741,-77.350319,229,18601
4,38.797596,-77.349532,230,18673
4,38.797697,-77.348967,231,18723
4,38.797782,-77.348332,232,18779
4,38.797827,-77.347759,233,18829
4,38.797844,-77.347162,234,18880
4,38.797841,-77.34671,235,18919
4,38.797825,-77.346207,236,18963
4,38.797762,-77.344981,237,19070
4,38.797743,-77.343609,238,19188
4,38.797787,-77.343218,239,19223
4,38.797861,-77.342719,240,19267
4,38.797944,-77.342347,241,19300
4,38.79809,-77.341848,242,19346
4,38.798732,-77.340105,243,19514
4,38.798916,-77.339552,244,19566
4,38.799022,-77.339154,245,19602
4,38.799097,-77.338823,246,19632
4,38.799168,-77.338407,247,19669
4,38.799223,-77.33783,248,19719
4,38.799234,-77.337492,249,19749
4,38.799212,-77.336867,250,19803
4,38.799147,-77.336117,251,19868
4,38.799082,-77.335471,252,19925
4,38.799025,-77.334839,253,19980
4,38.798978,-77.334261,254,20030
4,38.79896,-77.333647,255,20083
4,38.798978,-77.332957,256,20143
4,38.799045,-77.332121,257,20216
4,38.799094,-77.3317,258,20253
4,38.799212,-77.331014,259,20314
4,38.799301,-77.330631,260,20348
4,38.799766,-77.329005,261,20499
4,38.800295,-77.327222,262,20664
4,38.800483,-77.326574,263,20724
4,38.800608,-77.326003,264,20775
4,38.800675,-77.325601,265,20811
4,38.800721,-77.325118,266,20853
4,38.800737,-77.324818,267,20879
4,38.800737,-77.324242,268,20929
4,38.800707,-77.323578,269,20987
4,38.800605,-77.321864,270,21136
4,38.800501,-77.320144,271,21285
4,38.800403,-77.31849,272,21429
4,38.80036,-77.317709,273,21497
4,38.80035,-77.317042,274,21554
4,38.800374,-77.315784,275,21663
4,38.800392,-77.314688,276,21758
4,38.800416,-77.31349,277,21862
4,38.800432,-77.312716,278,21929
4,38.800446,-77.312149,279,21979
4,38.800436,-77.311586,280,22027
4,38.800402,-77.310977,281,22080
4,38.800301,-77.310195,282,22149
4,38.800211,-77.309663,283,22196
4,38.800049,-77.308989,284,22257
4,38.799892,-77.308457,285,22307
4,38.798572,-77.304687,286,22665
4,38.798077,-77.303267,287,22800
4,38.797788,-77.302463,288,22876
4,38.797606,-77.301804,289,22937
4,38.797511,-77.301387,290,22975
4,38.797441,-77.300835,291,23023
4,38.797403,-77.300104,292,23086
4,38.797407,-77.299608,293,23129
4,38.797524,-77.297431,294,23319
4,38.797679,-77.294425,295,23580
4,38.797758,-77.293013,296,23702
4,38.797812,-77.291986,297,23792
4,38.797885,-77.290589,298,23913
4,38.79799,-77.288689,299,24078
4,38.798071,-77.287165,300,24210
4,38.798234,-77.283998,301,24485
4,38.79834,-77.282049,302,24655
4,38.798442,-77.280104,303,24824
4,38.798516,-77.27864,304,24951
4,38.798511,-77.278026,305,25004
4,38.798437,-77.277357,306,25063
4,38.798332,-77.276854,307,25108
4,38.798171,-77.276322,308,25157
4,38.797927,-77.27571,309,25217
4,38.797609,-77.274986,310,25289
4,38.796519,-77.272532,311,25533
4,38.795972,-77.271272,312,25658
4,38.79563,-77.270513,313,25734
4,38.79527,-77.26971,314,25815
4,38.795058,-77.26923,315,25863
4,38.794854,-77.268767,316,25909
4,38.794544,-77.26802,317,25982
4,38.79443,-77.267709,318,26012
4,38.794234,-77.267098,319,26069
4,38.794109,-77.266644,320,26111
4,38.794009,-77.266192,321,26151
4,38.793904,-77.265634,322,26201
4,38.79382,-77.264987,323,26258
4,38.793792,-77.26475,324,26279
4,38.793757,-77.264242,325,26323
4,38.79374,-77.2636,326,26379
4,38.793748,-77.263066,327,26425
4,38.793763,-77.262807,328,26448
4,38.7938,-77.262326,329,26489
4,38.793855,-77.261881,330,26528
4,38.79391,-77.261503,331,26562
4,38.793978,-77.261121,332,26596
4,38.794157,-77.260377,333,26663
4,38.794364,-77.259606,334,26734
4,38.794851,-77.257797,335,26900
4,38.795184,-77.256541,336,27015
4,38.795366,-77.255862,337,27077
4,38.79543,-77.255627,338,27099
4,38.795576,-77.254994,339,27156
4,38.795624,-77.254716,340,27180
4,38.795687,-77.254271,341,27220
4,38.795716,-77.253801,342,27260
4,38.795744,-77.253173,343,27315
4,38.795827,-77.250547,344,27543
4,38.7959,-77.248009,345,27763
4,38.795909,-77.247696,346,27790
4,38.795958,-77.24612,347,27927
4,38.796061,-77.242596,348,28232
4,38.796125,-77.240205,349,28440
4,38.796146,-77.239539,350,28497
4,38.796167,-77.238672,351,28573
4,38.796146,-77.238066,352,28625
4,38.796096,-77.237608,353,28665
4,38.796015,-77.237176,354,28704
4,38.795895,-77.236723,355,28745
4,38.795746,-77.236287,356,28786
4,38.795109,-77.234886,357,28927
4,38.794145,-77.232843,358,29134
4,38.793333,-77.231113,359,29309
4,38.79283,-77.229997,360,29421
4,38.792659,-77.229473,361,29470
4,38.792543,-77.229038,362,29510
4,38.792472,-77.22857,363,29551
4,38.792427,-77.227991,364,29602
4,38.79244,-77.226854,365,29700
4,38.792515,-77.224864,366,29873
4,38.79258,-77.223126,367,30024
4,38.792651,-77.22143,368,30171
4,38.792659,-77.220373,369,30262
4,38.79272,-77.219335,370,30353
4,38.792756,-77.218297,371,30443
4,38.79279,-77.217392,372,30521
4,38.792898,-77.214433,373,30778
4,38.793048,-77.210405,374,31127
4,38.793196,-77.206256,375,31487
4,38.79324,-77.205362,376,31565
4,38.793344,-77.204344,377,31654
4,38.793511,-77.203443,378,31734
4,38.793677,-77.202789,379,31794
4,38.793867,-77.202195,380,31850
4,38.794407,-77.200794,381,31985
4,38.795717,-77.19751,382,32305
4,38.796896,-77.194585,383,32590
4,38.797313,-77.193551,384,32691
4,38.797436,-77.193199,385,32724
4,38.797628,-77.1926,386,32781
4,38.797817,-77.191854,387,32849
4,38.79798,-77.19083,388,32939
4,38.798067,-77.189856,389,33024
4,38.798054,-77.188979,390,33100
4,38.798017,-77.188362,391,33154
4,38.79795,-77.18783,392,33200
4,38.79789,-77.187414,393,33237
4,38.79773,-77.186632,394,33307
4,38.797603,-77.186061,395,33359
4,38.797404,-77.185314,396,33427
4,38.797182,-77.184538,397,33499
4,38.796802,-77.18344,398,33603
4,38.796699,-77.183203,399,33626
4,38.796621,-77.183024,400,33644
4,38.795789,-77.181422,401,33811
4,38.794057,-77.178273,402,34145
4,38.793686,-77.177549,403,34220
4,38.793386,-77.176852,404,34289
4,38.793096,-77.176043,405,34366
4,38.7929,-77.1753,406,34434
4,38.792733,-77.17449,407,34507
4,38.792582,-77.173265,408,34614
4,38.792565,-77.172076,409,34717
4,38.79257,-77.171633,410,34756
4,38.792747,-77.169416,411,34949
4,38.793024,-77.167111,412,35151
4,38.793163,-77.166241,413,35228
4,38.793453,-77.164619,414,35372
4,38.793662,-77.1636,415,35463
4,38.794373,-77.160745,416,35723
4,38.796172,-77.154085,417,36334
4,38.79703,-77.150864,418,36629
4,38.797644,-77.148606,419,36836
4,38.799292,-77.142462,420,37399
4,38.79993,-77.140127,421,37614
4,38.80164,-77.133709,422,38202
4,38.803005,-77.128436,423,38683
4,38.804586,-77.122535,424,39224
4,38.804871,-77.121472,425,39321
4,38.805175,-77.120273,426,39430
4,38.805544,-77.118697,427,39573
4,38.80597,-77.116502,428,39769
4,38.806212,-77.114655,429,39931
4,38.80649271,-77.11156007,430,40201
4,38.80649668,-77.10881413,431,40439
4,38.80635228,-77.10531095,432,40743
4,38.80578424,-77.09448347,433,41684
4,38.80554798,-77.09136974,434,41955
4,38.80527394,-77.08409847,435,42586
4,38.8049592,-77.07797893,436,43117
4,38.80447862,-77.06956721,437,43848
4,38.80445201,-77.06813057,438,43972
4,38.80451627,-77.06726994,439,44047
4,38.80466235,-77.06648414,440,44117
4,38.80482969,-77.06564491,441,44192
4,38.80495175,-77.06525771,442,44228
4,38.80547378,-77.06376156,443,44371
4,38.80635959,-77.06207014,444,44547
4,38.80693646,-77.0609806,445,44661
4,38.80775196,-77.05973773,446,44802
4,38.80833802,-77.05896596,447,44895
4,38.80902772,-77.05812625,448,45001
4,38.80994587,-77.05720831,449,45131
4,38.8104323,-77.05674839,450,45198
4,38.81258517,-77.05517052,451,45473
4,38.81593203,-77.05276197,452,45900
4,38.82013703,-77.04977752,453,46434
4,38.82085662,-77.04928335,454,46525
4,38.8215479,-77.04879981,455,46613
4,38.82241675,-77.04819571,456,46723
4,38.82309464,-77.04773411,457,46808
4,38.8240438,-77.04728269,458,46920
4,38.82447829,-77.04712308,459,46971
4,38.8249348,-77.04700226,460,47023
4,38.82531923,-77.04693474,461,47066
4,38.82643703,-77.04687919,462,47190
4,38.827724,-77.04692517,463,47333
4,38.828962,-77.04696121,464,47471
4,38.83017741,-77.04702464,465,47606
4,38.8313287,-77.04706132,466,47734
4,38.83240407,-77.04708509,467,47854
4,38.83324871,-77.04702089,468,47948
4,38.83472056,-77.04685096,469,48112
4,38.83601562,-77.04675479,470,48256
4,38.83688935,-77.04686192,471,48354
4,38.83761088,-77.04704701,472,48436
4,38.83845717,-77.04736687,473,48534
4,38.8397976,-77.04816585,474,48698
4,38.84120797,-77.04897305,475,48870
4,38.84239275,-77.04953164,476,49010
4,38.84363246,-77.04990643,477,49152
4,38.84523281,-77.05032569,478,49334
4,38.84611749,-77.05050442,479,49433
4,38.84676438,-77.05052179,480,49505
4,38.84795073,-77.05044959,481,49637
4,38.84872311,-77.05020168,482,49726
4,38.84932559,-77.04998667,483,49795
4,38.84967335,-77.04980843,484,49837
4,38.85017578,-77.049526,485,49898
4,38.85119447,-77.04890654,486,50023
4,38.85182408,-77.04851669,487,50101
4,38.85233111,-77.04828443,488,50161
4,38.85290057,-77.0481308,489,50225
4,38.8536158,-77.0479937,490,50306
4,38.85418882,-77.04788523,491,50370
4,38.85487168,-77.04774284,492,50447
4,38.85529408,-77.04778442,493,50494
4,38.85582704,-77.04780288,494,50554
4,38.85662388,-77.04794424,495,50643
4,38.85740693,-77.04813143,496,50732
4,38.85825789,-77.04833241,497,50828
4,38.8587996,-77.04832679,498,50888
4,38.85988185,-77.04817939,499,51009
4,38.86133173,-77.04807605,500,51171
4,38.86221024,-77.04803899,501,51268
4,38.86287339,-77.04787648,502,51343
4,38.86345801,-77.04756175,503,51414
4,38.865007,-77.046672,504,51603
4,38.866176,-77.045806,505,51753
4,38.867746,-77.044506,506,51960
4,38.869367,-77.043108,507,52177
4,38.870567,-77.042069,508,52338
4,38.871102,-77.041608,509,52410
4,38.871472,-77.041287,510,52460
4,38.8772,-77.036343,511,53227
4,38.87727,-77.036293,512,53236
4,38.877917,-77.035761,513,53321
4,38.878772,-77.035118,514,53431
4,38.878921,-77.035009,515,53451
4,38.879314,-77.034723,516,53501
4,38.879453,-77.03463,517,53518
4,38.880027,-77.034222,518,53591
4,38.880811,-77.033662,519,53691
4,38.881632,-77.033064,520,53796
4,38.882093,-77.032743,521,53854
4,38.882309,-77.032567,522,53883
4,38.882596,-77.03236,523,53919
4,38.882903,-77.032139,524,53958
4,38.883065,-77.031987,525,53981
4,38.883184,-77.031858,526,53998
4,38.883563,-77.031333,527,54060
4,38.883758,-77.030973,528,54098
4,38.883942,-77.030452,529,54147
4,38.884639,-77.027953,530,54377
4,38.884931,-77.02682,531,54480
4,38.885299,-77.025522,532,54600
4,38.885708,-77.024049,533,54735
4,38.885809,-77.023628,534,54773
4,38.885857,-77.023385,535,54795
4,38.885881,-77.02296,536,54832
4,38.885878,-77.022794,537,54846
4,38.885854,-77.022548,538,54868
4,38.885802,-77.022264,539,54893
4,38.88565,-77.021681,540,54946
4,38.884596,-77.017915,541,55293
4,38.883626,-77.01447,542,55610
4,38.883399,-77.012898,543,55748
4,38.883443,-77.012063,544,55821
4,38.883607,-77.010723,545,55938
4,38.883953,-77.009412,546,56058
4,38.884364,-77.008363,547,56160
4,38.884801,-77.007584,548,56243
4,38.898341,-77.005073,549,59037