service_id,date,exception_type
1,20230826,1
1,20230827,1
1,20230902,1
1,20230903,1
1,20230904,1
1,20230909,1
1,20230910,1
1,20230916,1
1,20230917,1
1,20230923,1
1,20230924,1
1,20230930,1
1,20231001,1
1,20231007,1
1,20231008,1
1,20231014,1
1,20231015,1
1,20231021,1
1,20231022,1
1,20231028,1
1,20231029,1
1,20231104,1
1,20231105,1
1,20231111,1
1,20231112,1
1,20231118,1
1,20231119,1
1,20231123,1
1,20231124,1
1,20231125,1
1,20231126,1
1,20231202,1
1,20231203,1
1,20231209,1
1,20231210,1
1,20231216,1
2,20230823,1
2,20230824,1
2,20230825,1
2,20230828,1
2,20230829,1
2,20230830,1
2,20230831,1
2,20230901,1
2,20230905,1
2,20230906,1
2,20230907,1
2,20230908,1
2,20230911,1
2,20230912,1
2,20230913,1
2,20230914,1
2,20230915,1
2,20230918,1
2,20230919,1
2,20230920,1
2,20230921,1
2,20230922,1
2,20230925,1
2,20230926,1
2,20230927,1
2,20230928,1
2,20230929,1
2,20231002,1
2,20231003,1
2,20231004,1
2,20231005,1
2,20231006,1
2,20231009,1
2,20231010,1
2,20231011,1
2,20231012,1
2,20231013,1
2,20231016,1
2,20231017,1
2,20231018,1
2,20231019,1
2,20231020,1
2,20231023,1
2,20231024,1
2,20231025,1
2,20231026,1
2,20231027,1
2,20231030,1
2,20231031,1
2,20231101,1
2,20231102,1
2,20231103,1
2,20231106,1
2,20231107,1
2,20231108,1
2,20231109,1
2,20231110,1
2,20231113,1
2,20231114,1
2,20231115,1
2,20231116,1
2,20231117,1
2,20231120,1
2,20231121,1
2,20231122,1
2,20231127,1
2,20231128,1
2,20231129,1
2,20231130,1
2,20231201,1
2,20231204,1
2,20231205,1
2,20231206,1
2,20231207,1
2,20231208,1
2,20231211,1
2,20231212,1
2,20231213,1
2,20231214,1
2,20231215,1
3,20230826,1
3,20230827,1
3,20230902,1
3,20230903,1
3,20230904,1
3,20230909,1
3,20230910,1
3,20230916,1
3,20230917,1
3,20230923,1
3,20230924,1
3,20230930,1
3,20231001,1
3,20231007,1
3,20231008,1
3,20231014,1
3,20231015,1
3,20231021,1
3,20231022,1
3,20231028,1
3,20231029,1
3,20231104,1
3,20231105,1
3,20231111,1
3,20231112,1
3,20231118,1
3,20231119,1
3,20231123,1
3,20231124,1
3,20231125,1
3,20231126,1
3,20231202,1
3,20231203,1
3,20231209,1
3,20231210,1
4,20230826,1
5,20231124,1
6,20230823,1
6,20230824,1
6,20230825,1
6,20230828,1
6,20230829,1
6,20230830,1
6,20230831,1
6,20230901,1
6,20230905,1
6,20230906,1
6,20230907,1
6,20230908,1
6,20230911,1
6,20230912,1
6,20230913,1
6,20230914,1
6,20230915,1
6,20230918,1
6,20230919,1
6,20230920,1
6,20230921,1
6,20230922,1
6,20230925,1
6,20230926,1
6,20230927,1
6,20230928,1
6,20230929,1
6,20231002,1
6,20231005,1
6,20231006,1
6,20231009,1
6,20231010,1
6,20231011,1
6,20231012,1
6,20231013,1
6,20231016,1
6,20231017,1
6,20231018,1
6,20231019,1
6,20231020,1
6,20231023,1
6,20231024,1
6,20231025,1
6,20231026,1
6,20231027,1
6,20231030,1
6,20231031,1
6,20231101,1
6,20231102,1
6,20231103,1
6,20231106,1
6,20231107,1
6,20231108,1
6,20231109,1
6,20231110,1
6,20231113,1
6,20231114,1
6,20231115,1
6,20231116,1
6,20231117,1
6,20231120,1
6,20231121,1
6,20231122,1
6,20231127,1
6,20231128,1
6,20231129,1
6,20231130,1
6,20231201,1
6,20231204,1
6,20231205,1
6,20231206,1
6,20231207,1
6,20231208,1
6,20231211,1
6,20231212,1
6,20231213,1
6,20231214,1
6,20231215,1
7,20231004,1
8,20230826,1
8,20230827,1
8,20230902,1
8,20230903,1
8,20230904,1
8,20230909,1
8,20230910,1
8,20230916,1
8,20230917,1
8,20230923,1
8,20230924,1
8,20230930,1
8,20231001,1
8,20231007,1
8,20231008,1
8,20231014,1
8,20231015,1
8,20231021,1
8,20231022,1
8,20231028,1
8,20231029,1
8,20231104,1
8,20231105,1
8,20231111,1
8,20231112,1
8,20231118,1
8,20231119,1
8,20231123,1
8,20231125,1
8,20231126,1
8,20231202,1
8,20231203,1
8,20231209,1
8,20231210,1
8,20231216,1
9,20230823,1
9,20230824,1
9,20230825,1
9,20230828,1
9,20230829,1
9,20230830,1
9,20230831,1
9,20230901,1
10,20231003,1
11,20231003,1
11,20231004,1
12,20230905,1
12,20230906,1
12,20230907,1
12,20230908,1
12,20230911,1
12,20230912,1
12,20230913,1
12,20230914,1
12,20230915,1
12,20230918,1
12,20230919,1
12,20230920,1
12,20230921,1
12,20230922,1
12,20230925,1
12,20230926,1
12,20230927,1
12,20230928,1
12,20230929,1
12,20231002,1
12,20231005,1
12,20231006,1
12,20231009,1
12,20231010,1
12,20231011,1
12,20231012,1
12,20231013,1
12,20231016,1
12,20231017,1
12,20231018,1
12,20231019,1
12,20231020,1
12,20231023,1
12,20231024,1
12,20231025,1
12,20231026,1
12,20231027,1
12,20231030,1
12,20231031,1
12,20231101,1
12,20231102,1
12,20231103,1
12,20231106,1
12,20231107,1
12,20231108,1
12,20231109,1
12,20231110,1
12,20231113,1
12,20231114,1
12,20231115,1
12,20231116,1
12,20231117,1
12,20231120,1
12,20231121,1
12,20231122,1
12,20231127,1
12,20231128,1
12,20231129,1
12,20231130,1
12,20231201,1
12,20231204,1
12,20231205,1
12,20231206,1
12,20231207,1
12,20231208,1
12,20231211,1
12,20231212,1
12,20231213,1
12,20231214,1
12,20231215,1
12,20231218,1
12,20231219,1
12,20231220,1
12,20231221,1
12,20231222,1
12,20231226,1
12,20231227,1
12,20231228,1
12,20231229,1
12,20240102,1
12,20240103,1
12,20240104,1
12,20240105,1
12,20240108,1
12,20240109,1
12,20240110,1
12,20240111,1
12,20240112,1
12,20240116,1
12,20240117,1
12,20240118,1
12,20240119,1
12,20240122,1
12,20240123,1
12,20240124,1
12,20240125,1
12,20240126,1
12,20240129,1
12,20240130,1
12,20240131,1
12,20240201,1
12,20240202,1
12,20240205,1
12,20240206,1
12,20240207,1
12,20240208,1
12,20240209,1
12,20240212,1
12,20240213,1
12,20240214,1
12,20240215,1
12,20240216,1
13,20230826,1
13,20230902,1
13,20230909,1
13,20230916,1
13,20230923,1
13,20230930,1
13,20231007,1
13,20231014,1
13,20231021,1
13,20231028,1
13,20231104,1
13,20231111,1
13,20231118,1
13,20231125,1
13,20231202,1
13,20231209,1
13,20231216,1
13,20231223,1
13,20231230,1
13,20240106,1
13,20240113,1
13,20240120,1
13,20240127,1
13,20240203,1
13,20240210,1
13,20240217,1
14,20230827,1
14,20230903,1
14,20230904,1
14,20230910,1
14,20230917,1
14,20230924,1
14,20231001,1
14,20231008,1
14,20231015,1
14,20231022,1
14,20231029,1
14,20231105,1
14,20231112,1
14,20231119,1
14,20231126,1
14,20231203,1
14,20231210,1
14,20231217,1
14,20231224,1
14,20231231,1
14,20240107,1
14,20240114,1
14,20240121,1
14,20240128,1
14,20240204,1
14,20240211,1
14,20240218,1
15,20230823,1
15,20230824,1
15,20230825,1
15,20230828,1
15,20230829,1
15,20230830,1
15,20230831,1
15,20230901,1
15,20230905,1
15,20230906,1
15,20230907,1
15,20230908,1
15,20230911,1
15,20230912,1
15,20230913,1
15,20230914,1
15,20230915,1
15,20230918,1
15,20230919,1
15,20230920,1
15,20230921,1
15,20230922,1
15,20230925,1
15,20230926,1
15,20230927,1
15,20230928,1
15,20230929,1
15,20231002,1
15,20231003,1
15,20231004,1
15,20231005,1
15,20231006,1
15,20231009,1
15,20231010,1
15,20231011,1
15,20231012,1
15,20231013,1
15,20231016,1
15,20231017,1
15,20231018,1
15,20231019,1
15,20231020,1
15,20231023,1
15,20231024,1
15,20231025,1
15,20231026,1
15,20231027,1
15,20231030,1
15,20231031,1
15,20231101,1
15,20231102,1
15,20231103,1
15,20231106,1
15,20231107,1
15,20231108,1
15,20231109,1
15,20231110,1
15,20231113,1
15,20231114,1
15,20231115,1
15,20231116,1
15,20231117,1
15,20231120,1
15,20231121,1
15,20231122,1
15,20231123,1
15,20231124,1
15,20231127,1
15,20231128,1
15,20231129,1
15,20231130,1
15,20231201,1
15,20231204,1
15,20231205,1
15,20231206,1
15,20231207,1
15,20231208,1
15,20231211,1
15,20231212,1
15,20231213,1
15,20231214,1
15,20231215,1
15,20231218,1
15,20231219,1
15,20231220,1
15,20231221,1
15,20231222,1
15,20231225,1
15,20231226,1
15,20231227,1
15,20231228,1
15,20231229,1
15,20240101,1
15,20240102,1
15,20240103,1
15,20240104,1
15,20240105,1
15,20240108,1
15,20240109,1
15,20240110,1
15,20240111,1
15,20240112,1
15,20240115,1
15,20240116,1
15,20240117,1
15,20240118,1
15,20240119,1
15,20240122,1
15,20240123,1
15,20240124,1
15,20240125,1
15,20240126,1
15,20240129,1
15,20240130,1
15,20240131,1
15,20240201,1
15,20240202,1
15,20240205,1
15,20240206,1
15,20240207,1
15,20240208,1
15,20240209,1
15,20240212,1
15,20240213,1
15,20240214,1
15,20240215,1
15,20240216,1
16,20230825,1
16,20230826,1
16,20230901,1
16,20230902,1
16,20230903,1
16,20230908,1
16,20230909,1
16,20230915,1
16,20230916,1
16,20230922,1
16,20230923,1
16,20230929,1
16,20230930,1
16,20231006,1
16,20231007,1
16,20231013,1
16,20231014,1
16,20231020,1
16,20231021,1
16,20231027,1
16,20231028,1
16,20231103,1
16,20231104,1
16,20231110,1
16,20231111,1
16,20231117,1
16,20231118,1
16,20231122,1
16,20231123,1
16,20231124,1
16,20231125,1
16,20231201,1
16,20231202,1
16,20231208,1
16,20231209,1
16,20231215,1
17,20230823,1
17,20230824,1
17,20230827,1
17,20230828,1
17,20230829,1
17,20230830,1
17,20230831,1
17,20230904,1
17,20230905,1
17,20230906,1
17,20230907,1
17,20230910,1
17,20230911,1
17,20230912,1
17,20230913,1
17,20230914,1
17,20230917,1
17,20230918,1
17,20230919,1
17,20230920,1
17,20230921,1
17,20230924,1
17,20230925,1
17,20230926,1
17,20230927,1
17,20230928,1
17,20231001,1
17,20231002,1
17,20231005,1
17,20231008,1
17,20231009,1
17,20231010,1
17,20231011,1
17,20231012,1
17,20231015,1
17,20231016,1
17,20231017,1
17,20231018,1
17,20231019,1
17,20231022,1
17,20231023,1
17,20231024,1
17,20231025,1
17,20231026,1
17,20231029,1
17,20231030,1
17,20231031,1
17,20231101,1
17,20231102,1
17,20231105,1
17,20231106,1
17,20231107,1
17,20231108,1
17,20231109,1
17,20231112,1
17,20231113,1
17,20231114,1
17,20231115,1
17,20231116,1
17,20231119,1
17,20231120,1
17,20231121,1
17,20231126,1
17,20231127,1
17,20231128,1
17,20231129,1
17,20231130,1
17,20231203,1
17,20231204,1
17,20231205,1
17,20231206,1
17,20231207,1
17,20231210,1
17,20231211,1
17,20231212,1
17,20231213,1
17,20231214,1
18,20231123,1
18,20231124,1
19,20230904,1
19,20231124,1
20,20231123,1
21,20230901,1
21,20231122,1
22,20230823,1
22,20230824,1
22,20230825,1
22,20230828,1
22,20230829,1
22,20230830,1
22,20230831,1
22,20230905,1
22,20230906,1
22,20230907,1
22,20230908,1
22,20230911,1
22,20230912,1
22,20230913,1
22,20230914,1
22,20230915,1
22,20230918,1
22,20230919,1
22,20230920,1
22,20230921,1
22,20230922,1
22,20230925,1
22,20230926,1
22,20230927,1
22,20230928,1
22,20230929,1
22,20231002,1
22,20231005,1
22,20231006,1
22,20231009,1
22,20231010,1
22,20231011,1
22,20231012,1
22,20231013,1
22,20231016,1
22,20231017,1
22,20231018,1
22,20231019,1
22,20231020,1
22,20231023,1
22,20231024,1
22,20231025,1
22,20231026,1
22,20231027,1
22,20231030,1
22,20231031,1
22,20231101,1
22,20231102,1
22,20231103,1
22,20231106,1
22,20231107,1
22,20231108,1
22,20231109,1
22,20231110,1
22,20231113,1
22,20231114,1
22,20231115,1
22,20231116,1
22,20231117,1
22,20231120,1
22,20231121,1
22,20231127,1
22,20231128,1
22,20231129,1
22,20231130,1
22,20231201,1
22,20231204,1
22,20231205,1
22,20231206,1
22,20231207,1
22,20231208,1
22,20231211,1
22,20231212,1
22,20231213,1
22,20231214,1
22,20231215,1
23,20230825,1
23,20230826,1
23,20230901,1
24,20230823,1
24,20230824,1
24,20230827,1
24,20230828,1
24,20230829,1
24,20230830,1
24,20230831,1
25,20230903,1
25,20230904,1
25,20230905,1
25,20230906,1
25,20230907,1
25,20230908,1
25,20230909,1
25,20230910,1
25,20230911,1
25,20230912,1
25,20230913,1
25,20230914,1
25,20230915,1
25,20230916,1
25,20230917,1
25,20230918,1
25,20230919,1
25,20230920,1
25,20230921,1
25,20230922,1
25,20230923,1
25,20230924,1
25,20230925,1
25,20230926,1
25,20230927,1
25,20230928,1
25,20230929,1
25,20230930,1
25,20231001,1
25,20231002,1
25,20231005,1
25,20231006,1
25,20231007,1
25,20231008,1
25,20231009,1
25,20231010,1
25,20231011,1
25,20231012,1
25,20231013,1
25,20231014,1
25,20231015,1
25,20231016,1
25,20231017,1
25,20231018,1
25,20231019,1
25,20231020,1
25,20231021,1
25,20231022,1
25,20231023,1
25,20231024,1
25,20231025,1
25,20231026,1
25,20231027,1
25,20231028,1
25,20231029,1
25,20231030,1
25,20231031,1
25,20231101,1
25,20231102,1
25,20231103,1
25,20231104,1
25,20231105,1
25,20231106,1
25,20231107,1
25,20231108,1
25,20231109,1
25,20231110,1
25,20231111,1
25,20231112,1
25,20231113,1
25,20231114,1
25,20231115,1
25,20231116,1
25,20231117,1
25,20231118,1
25,20231119,1
25,20231120,1
25,20231121,1
25,20231122,1
25,20231123,1
25,20231124,1
25,20231125,1
25,20231126,1
25,20231127,1
25,20231128,1
25,20231129,1
25,20231130,1
25,20231201,1
25,20231202,1
25,20231203,1
25,20231204,1
25,20231205,1
25,20231206,1
25,20231207,1
25,20231208,1
25,20231209,1
25,20231210,1
25,20231211,1
25,20231212,1
25,20231213,1
25,20231214,1
25,20231215,1
25,20231216,1
25,20231217,1
25,20231218,1
25,20231219,1
25,20231220,1
25,20231221,1
25,20231222,1
25,20231223,1
25,20231224,1
25,20231225,1
25,20231226,1
25,20231227,1
25,20231228,1
25,20231229,1
25,20231230,1
25,20231231,1
25,20240101,1
25,20240102,1
25,20240103,1
25,20240104,1
25,20240105,1
25,20240106,1
25,20240107,1
25,20240108,1
25,20240109,1
25,20240110,1
25,20240111,1
25,20240112,1
25,20240113,1
25,20240114,1
25,20240115,1
25,20240116,1
25,20240117,1
25,20240118,1
25,20240119,1
25,20240120,1
25,20240121,1
25,20240122,1
25,20240123,1
25,20240124,1
25,20240125,1
25,20240126,1
25,20240127,1
25,20240128,1
25,20240129,1
25,20240130,1
25,20240131,1
25,20240201,1
25,20240202,1
25,20240203,1
25,20240204,1
25,20240205,1
25,20240206,1
25,20240207,1
25,20240208,1
25,20240209,1
25,20240210,1
25,20240211,1
25,20240212,1
25,20240213,1
25,20240214,1
25,20240215,1
25,20240216,1
25,20240217,1
25,20240218,1
26,20230903,1
26,20230908,1
26,20230909,1
26,20230915,1
26,20230916,1
26,20230922,1
26,20230923,1
26,20230929,1
26,20230930,1
26,20231006,1
26,20231007,1
26,20231013,1
26,20231014,1
26,20231020,1
26,20231021,1
26,20231027,1
26,20231028,1
26,20231103,1
26,20231104,1
26,20231110,1
26,20231111,1
26,20231117,1
26,20231118,1
26,20231122,1
26,20231123,1
26,20231124,1
26,20231125,1
26,20231201,1
26,20231202,1
26,20231208,1
26,20231209,1
26,20231215,1
26,20231216,1
26,20231222,1
26,20231223,1
26,20231224,1
26,20231229,1
26,20231230,1
26,20231231,1
26,20240105,1
26,20240106,1
26,20240112,1
26,20240113,1
26,20240114,1
26,20240119,1
26,20240120,1
26,20240126,1
26,20240127,1
26,20240202,1
26,20240203,1
26,20240209,1
26,20240210,1
26,20240216,1
26,20240217,1
26,20240218,1
27,20230905,1
27,20230906,1
27,20230907,1
27,20230908,1
27,20230911,1
27,20230912,1
27,20230913,1
27,20230914,1
27,20230915,1
27,20230918,1
27,20230919,1
27,20230920,1
27,20230921,1
27,20230922,1
27,20230925,1
27,20230926,1
27,20230927,1
27,20230928,1
27,20230929,1
27,20231002,1
27,20231005,1
27,20231006,1
27,20231009,1
27,20231010,1
27,20231011,1
27,20231012,1
27,20231013,1
27,20231016,1
27,20231017,1
27,20231018,1
27,20231019,1
27,20231020,1
27,20231023,1
27,20231024,1
27,20231025,1
27,20231026,1
27,20231027,1
27,20231030,1
27,20231031,1
27,20231101,1
27,20231102,1
27,20231103,1
27,20231106,1
27,20231107,1
27,20231108,1
27,20231109,1
27,20231110,1
27,20231113,1
27,20231114,1
27,20231115,1
27,20231116,1
27,20231117,1
27,20231120,1
27,20231121,1
27,20231122,1
27,20231127,1
27,20231128,1
27,20231129,1
27,20231130,1
27,20231201,1
27,20231204,1
27,20231205,1
27,20231206,1
27,20231207,1
27,20231208,1
27,20231211,1
27,20231212,1
27,20231213,1
27,20231214,1
27,20231215,1
27,20231218,1
27,20231219,1
27,20231220,1
27,20231221,1
27,20231222,1
27,20240102,1
27,20240103,1
27,20240104,1
27,20240105,1
27,20240108,1
27,20240109,1
27,20240110,1
27,20240111,1
27,20240112,1
27,20240116,1
27,20240117,1
27,20240118,1
27,20240119,1
27,20240122,1
27,20240123,1
27,20240124,1
27,20240125,1
27,20240126,1
27,20240129,1
27,20240130,1
27,20240131,1
27,20240201,1
27,20240202,1
27,20240205,1
27,20240206,1
27,20240207,1
27,20240208,1
27,20240209,1
27,20240212,1
27,20240213,1
27,20240214,1
27,20240215,1
27,20240216,1
28,20230904,1
28,20230905,1
28,20230906,1
28,20230907,1
28,20230910,1
28,20230911,1
28,20230912,1
28,20230913,1
28,20230914,1
28,20230917,1
28,20230918,1
28,20230919,1
28,20230920,1
28,20230921,1
28,20230924,1
28,20230925,1
28,20230926,1
28,20230927,1
28,20230928,1
28,20231001,1
28,20231002,1
28,20231005,1
28,20231008,1
28,20231009,1
28,20231010,1
28,20231011,1
28,20231012,1
28,20231015,1
28,20231016,1
28,20231017,1
28,20231018,1
28,20231019,1
28,20231022,1
28,20231023,1
28,20231024,1
28,20231025,1
28,20231026,1
28,20231029,1
28,20231030,1
28,20231031,1
28,20231101,1
28,20231102,1
28,20231105,1
28,20231106,1
28,20231107,1
28,20231108,1
28,20231109,1
28,20231112,1
28,20231113,1
28,20231114,1
28,20231115,1
28,20231116,1
28,20231119,1
28,20231120,1
28,20231121,1
28,20231126,1
28,20231127,1
28,20231128,1
28,20231129,1
28,20231130,1
28,20231203,1
28,20231204,1
28,20231205,1
28,20231206,1
28,20231207,1
28,20231210,1
28,20231211,1
28,20231212,1
28,20231213,1
28,20231214,1
28,20231217,1
28,20231218,1
28,20231219,1
28,20231220,1
28,20231221,1
28,20231225,1
28,20231226,1
28,20231227,1
28,20231228,1
28,20240101,1
28,20240102,1
28,20240103,1
28,20240104,1
28,20240107,1
28,20240108,1
28,20240109,1
28,20240110,1
28,20240111,1
28,20240115,1
28,20240116,1
28,20240117,1
28,20240118,1
28,20240121,1
28,20240122,1
28,20240123,1
28,20240124,1
28,20240125,1
28,20240128,1
28,20240129,1
28,20240130,1
28,20240131,1
28,20240201,1
28,20240204,1
28,20240205,1
28,20240206,1
28,20240207,1
28,20240208,1
28,20240211,1
28,20240212,1
28,20240213,1
28,20240214,1
28,20240215,1
29,20230826,1
29,20230827,1
29,20230902,1
29,20230903,1
29,20230904,1
29,20230909,1
29,20230910,1
29,20230916,1
29,20230917,1
29,20230923,1
29,20230924,1
29,20230930,1
29,20231001,1
29,20231007,1
29,20231008,1
29,20231014,1
29,20231015,1
29,20231021,1
29,20231022,1
29,20231028,1
29,20231029,1
29,20231104,1
29,20231105,1
29,20231111,1
29,20231112,1
29,20231118,1
29,20231119,1
29,20231124,1
29,20231125,1
29,20231126,1
29,20231202,1
29,20231203,1
29,20231209,1
29,20231210,1
29,20231216,1
30,20230825,1
30,20230901,1
30,20230908,1
30,20230915,1
30,20230922,1
30,20230929,1
30,20231006,1
30,20231013,1
30,20231020,1
30,20231027,1
30,20231103,1
30,20231110,1
30,20231117,1
30,20231122,1
30,20231201,1
30,20231208,1
30,20231215,1
31,20230826,1
31,20230902,1
31,20230903,1
31,20230909,1
31,20230916,1
31,20230923,1
31,20230930,1
31,20231007,1
31,20231014,1
31,20231021,1
31,20231028,1
31,20231104,1
31,20231111,1
31,20231118,1
31,20231123,1
31,20231125,1
31,20231202,1
31,20231209,1
32,20230825,1
33,20230826,1
33,20230827,1
33,20230902,1
33,20230903,1
33,20230904,1
33,20230909,1
33,20230910,1
34,20230916,1
34,20230917,1
34,20230923,1
34,20230924,1
34,20230930,1
34,20231001,1
34,20231007,1
34,20231008,1
34,20231014,1
34,20231015,1
34,20231021,1
34,20231022,1
34,20231028,1
34,20231029,1
34,20231104,1
34,20231105,1
34,20231111,1
34,20231112,1
34,20231118,1
34,20231119,1
34,20231123,1
34,20231124,1
34,20231125,1
34,20231126,1
34,20231202,1
34,20231203,1
34,20231209,1
34,20231210,1
34,20231216,1
35,20230823,1
35,20230824,1
35,20230828,1
35,20230829,1
35,20230830,1
35,20230831,1
35,20230901,1
35,20230905,1
35,20230906,1
35,20230907,1
35,20230908,1
35,20230911,1
35,20230912,1
35,20230913,1
35,20230914,1
35,20230915,1
35,20230918,1
35,20230919,1
35,20230920,1
35,20230921,1
35,20230922,1
35,20230925,1
35,20230926,1
35,20230927,1
35,20230928,1
35,20230929,1
35,20231002,1
35,20231005,1
35,20231006,1
35,20231009,1
35,20231010,1
35,20231011,1
35,20231012,1
35,20231013,1
35,20231016,1
35,20231017,1
35,20231018,1
35,20231019,1
35,20231020,1
35,20231023,1
35,20231024,1
35,20231025,1
35,20231026,1
35,20231027,1
35,20231030,1
35,20231031,1
35,20231101,1
35,20231102,1
35,20231103,1
35,20231106,1
35,20231107,1
35,20231108,1
35,20231109,1
35,20231110,1
35,20231113,1
35,20231114,1
35,20231115,1
35,20231116,1
35,20231117,1
35,20231120,1
35,20231121,1
35,20231122,1
35,20231127,1
35,20231128,1
35,20231129,1
35,20231130,1
35,20231201,1
35,20231204,1
35,20231205,1
35,20231206,1
35,20231207,1
35,20231208,1
35,20231211,1
35,20231212,1
35,20231213,1
35,20231214,1
35,20231215,1
36,20230823,1
36,20230824,1
36,20230828,1
36,20230829,1
36,20230830,1
36,20230831,1
36,20230905,1
36,20230906,1
36,20230907,1
36,20230908,1
36,20230911,1
36,20230912,1
36,20230913,1
36,20230914,1
36,20230915,1
36,20230918,1
36,20230919,1
36,20230920,1
36,20230921,1
36,20230922,1
36,20230925,1
36,20230926,1
36,20230927,1
36,20230928,1
36,20230929,1
36,20231002,1
36,20231005,1
36,20231006,1
36,20231009,1
36,20231010,1
36,20231011,1
36,20231012,1
36,20231013,1
36,20231016,1
36,20231017,1
36,20231018,1
36,20231019,1
36,20231020,1
36,20231023,1
36,20231024,1
36,20231025,1
36,20231026,1
36,20231027,1
36,20231030,1
36,20231031,1
36,20231101,1
36,20231102,1
36,20231103,1
36,20231106,1
36,20231107,1
36,20231108,1
36,20231109,1
36,20231110,1
36,20231113,1
36,20231114,1
36,20231115,1
36,20231116,1
36,20231117,1
36,20231120,1
36,20231121,1
36,20231127,1
36,20231128,1
36,20231129,1
36,20231130,1
36,20231201,1
36,20231204,1
36,20231205,1
36,20231206,1
36,20231207,1
36,20231208,1
36,20231211,1
36,20231212,1
36,20231213,1
36,20231214,1
36,20231215,1
37,20230826,1
37,20230827,1
37,20230902,1
37,20230903,1
37,20230904,1
37,20230909,1
38,20230826,1
38,20230902,1
38,20230904,1
38,20230909,1
38,20230916,1
38,20230923,1
38,20230930,1
38,20231007,1
38,20231014,1
38,20231021,1
38,20231028,1
38,20231104,1
38,20231111,1
38,20231118,1
38,20231125,1
38,20231202,1
38,20231209,1
38,20231216,1
38,20231223,1
38,20231230,1
38,20240106,1
38,20240113,1
38,20240120,1
38,20240127,1
38,20240203,1
38,20240210,1
38,20240217,1
39,20230827,1
39,20230903,1
39,20230910,1
39,20230917,1
39,20230924,1
39,20231001,1
39,20231008,1
39,20231015,1
39,20231022,1
39,20231029,1
39,20231105,1
39,20231112,1
39,20231119,1
39,20231126,1
39,20231203,1
39,20231210,1
39,20231217,1
39,20231224,1
39,20231231,1
39,20240107,1
39,20240114,1
39,20240121,1
39,20240128,1
39,20240204,1
39,20240211,1
39,20240218,1
40,20230823,1
40,20230824,1
40,20230825,1
40,20230828,1
40,20230829,1
40,20230830,1
40,20230831,1
40,20230901,1
40,20230904,1
40,20230905,1
40,20230906,1
40,20230907,1
40,20230908,1
40,20230911,1
40,20230912,1
40,20230913,1
40,20230914,1
40,20230915,1
40,20230918,1
40,20230919,1
40,20230920,1
40,20230921,1
40,20230922,1
40,20230925,1
40,20230926,1
40,20230927,1
40,20230928,1
40,20230929,1
40,20231002,1
40,20231005,1
40,20231006,1
40,20231009,1
40,20231010,1
40,20231011,1
40,20231012,1
40,20231013,1
40,20231016,1
40,20231017,1
40,20231018,1
40,20231019,1
40,20231020,1
40,20231023,1
40,20231024,1
40,20231025,1
40,20231026,1
40,20231027,1
40,20231030,1
40,20231031,1
40,20231101,1
40,20231102,1
40,20231103,1
40,20231106,1
40,20231107,1
40,20231108,1
40,20231109,1
40,20231110,1
40,20231113,1
40,20231114,1
40,20231115,1
40,20231116,1
40,20231117,1
40,20231120,1
40,20231121,1
40,20231124,1
40,20231127,1
40,20231128,1
40,20231129,1
40,20231130,1
40,20231201,1
40,20231204,1
40,20231205,1
40,20231206,1
40,20231207,1
40,20231208,1
40,20231211,1
40,20231212,1
40,20231213,1
40,20231214,1
40,20231215,1
41,20230825,1
41,20230826,1
41,20230827,1
41,20230901,1
41,20230902,1
41,20230903,1
41,20230904,1
41,20230908,1
41,20230909,1
41,20230910,1
41,20230915,1
41,20230916,1
41,20230917,1
41,20230922,1
41,20230923,1
41,20230924,1
41,20230929,1
41,20230930,1
41,20231001,1
41,20231006,1
41,20231007,1
41,20231008,1
41,20231013,1
41,20231014,1
41,20231015,1
41,20231020,1
41,20231021,1
41,20231022,1
41,20231027,1
41,20231028,1
41,20231029,1
41,20231103,1
41,20231104,1
41,20231105,1
41,20231110,1
41,20231111,1
41,20231112,1
41,20231117,1
41,20231118,1
41,20231119,1
41,20231122,1
41,20231123,1
41,20231124,1
41,20231125,1
41,20231126,1
41,20231201,1
41,20231202,1
41,20231203,1
41,20231208,1
41,20231209,1
41,20231210,1
41,20231215,1
42,20230905,1
42,20230906,1
42,20230907,1
42,20230908,1
42,20230911,1
42,20230912,1
42,20230913,1
42,20230914,1
42,20230915,1
42,20230918,1
42,20230919,1
42,20230920,1
42,20230921,1
42,20230922,1
42,20230925,1
42,20230926,1
42,20230927,1
42,20230928,1
42,20230929,1
42,20231002,1
42,20231003,1
42,20231004,1
42,20231005,1
42,20231006,1
42,20231009,1
42,20231010,1
42,20231011,1
42,20231012,1
42,20231013,1
42,20231016,1
42,20231017,1
42,20231018,1
42,20231019,1
42,20231020,1
42,20231023,1
42,20231024,1
42,20231025,1
42,20231026,1
42,20231027,1
42,20231030,1
42,20231031,1
42,20231101,1
42,20231102,1
42,20231103,1
42,20231106,1
42,20231107,1
42,20231108,1
42,20231109,1
42,20231110,1
42,20231113,1
42,20231114,1
42,20231115,1
42,20231116,1
42,20231117,1
42,20231120,1
42,20231121,1
42,20231122,1
42,20231127,1
42,20231128,1
42,20231129,1
42,20231130,1
42,20231201,1
42,20231204,1
42,20231205,1
42,20231206,1
42,20231207,1
42,20231208,1
42,20231211,1
42,20231212,1
42,20231213,1
42,20231214,1
42,20231215,1
42,20231218,1
42,20231219,1
42,20231220,1
42,20231221,1
42,20231222,1
42,20231226,1
42,20231227,1
42,20231228,1
42,20231229,1
42,20240102,1
42,20240103,1
42,20240104,1
42,20240105,1
42,20240108,1
42,20240109,1
42,20240110,1
42,20240111,1
42,20240112,1
42,20240116,1
42,20240117,1
42,20240118,1
42,20240119,1
42,20240122,1
42,20240123,1
42,20240124,1
42,20240125,1
42,20240126,1
42,20240129,1
42,20240130,1
42,20240131,1
42,20240201,1
42,20240202,1
42,20240205,1
42,20240206,1
42,20240207,1
42,20240208,1
42,20240209,1
42,20240212,1
42,20240213,1
42,20240214,1
42,20240215,1
42,20240216,1
43,20230823,1
43,20230824,1
43,20230825,1
43,20230828,1
43,20230829,1
43,20230830,1
43,20230831,1
43,20230901,1
43,20230905,1
43,20230906,1
43,20230907,1
43,20230908,1
43,20230911,1
43,20230912,1
43,20230913,1
43,20230914,1
43,20230915,1
43,20230918,1
43,20230919,1
43,20230920,1
43,20230921,1
43,20230922,1
43,20230925,1
43,20230926,1
43,20230927,1
43,20230928,1
43,20230929,1
43,20231002,1
43,20231005,1
43,20231006,1
43,20231009,1
43,20231010,1
43,20231011,1
43,20231012,1
43,20231013,1
43,20231016,1
43,20231017,1
43,20231018,1
43,20231019,1
43,20231020,1
43,20231023,1
43,20231024,1
43,20231025,1
43,20231026,1
43,20231027,1
43,20231030,1
43,20231031,1
43,20231101,1
43,20231102,1
43,20231103,1
43,20231106,1
43,20231107,1
43,20231108,1
43,20231109,1
43,20231110,1
43,20231113,1
43,20231114,1
43,20231115,1
43,20231116,1
43,20231117,1
43,20231120,1
43,20231121,1
43,20231122,1
43,20231127,1
43,20231129,1
43,20231130,1
43,20231201,1
43,20231204,1
43,20231205,1
43,20231206,1
43,20231207,1
43,20231208,1
43,20231211,1
43,20231212,1
43,20231213,1
43,20231214,1
43,20231215,1
44,20230909,1
44,20230916,1
44,20230923,1
44,20230930,1
44,20231007,1
44,20231014,1
44,20231021,1
44,20231028,1
44,20231104,1
44,20231111,1
44,20231118,1
44,20231125,1
44,20231202,1
44,20231209,1
44,20231216,1
44,20231223,1
44,20231230,1
44,20240106,1
44,20240113,1
44,20240120,1
44,20240127,1
44,20240203,1
44,20240210,1
44,20240217,1
45,20230823,1
45,20230824,1
45,20230825,1
45,20230826,1
45,20230827,1
45,20230828,1
45,20230829,1
45,20230830,1
45,20230831,1
45,20230901,1
45,20230902,1
45,20230903,1
45,20230904,1
45,20230905,1
45,20230906,1
45,20230907,1
45,20230908,1
45,20230910,1
45,20230917,1
45,20230924,1
45,20231001,1
45,20231008,1
45,20231015,1
45,20231022,1
45,20231029,1
45,20231105,1
45,20231112,1
45,20231119,1
45,20231126,1
45,20231203,1
45,20231210,1
45,20231217,1
45,20231224,1
45,20231231,1
45,20240107,1
45,20240114,1
45,20240121,1
45,20240128,1
45,20240204,1
45,20240211,1
45,20240218,1
46,20230911,1
46,20230912,1
46,20230913,1
46,20230914,1
46,20230915,1
46,20230918,1
46,20230919,1
46,20230920,1
46,20230921,1
46,20230922,1
46,20230925,1
46,20230926,1
46,20230927,1
46,20230928,1
46,20230929,1
46,20231002,1
46,20231003,1
46,20231004,1
46,20231005,1
46,20231006,1
46,20231009,1
46,20231010,1
46,20231011,1
46,20231012,1
46,20231013,1
46,20231016,1
46,20231017,1
46,20231018,1
46,20231019,1
46,20231020,1
46,20231023,1
46,20231024,1
46,20231025,1
46,20231026,1
46,20231027,1
46,20231030,1
46,20231031,1
46,20231101,1
46,20231102,1
46,20231103,1
46,20231106,1
46,20231107,1
46,20231108,1
46,20231109,1
46,20231110,1
46,20231113,1
46,20231114,1
46,20231115,1
46,20231116,1
46,20231117,1
46,20231120,1
46,20231121,1
46,20231122,1
46,20231123,1
46,20231124,1
46,20231127,1
46,20231128,1
46,20231129,1
46,20231130,1
46,20231201,1
46,20231204,1
46,20231205,1
46,20231206,1
46,20231207,1
46,20231208,1
46,20231211,1
46,20231212,1
46,20231213,1
46,20231214,1
46,20231215,1
46,20231218,1
46,20231219,1
46,20231220,1
46,20231221,1
46,20231222,1
46,20231225,1
46,20231226,1
46,20231227,1
46,20231228,1
46,20231229,1
46,20240101,1
46,20240102,1
46,20240103,1
46,20240104,1
46,20240105,1
46,20240108,1
46,20240109,1
46,20240110,1
46,20240111,1
46,20240112,1
46,20240115,1
46,20240116,1
46,20240117,1
46,20240118,1
46,20240119,1
46,20240122,1
46,20240123,1
46,20240124,1
46,20240125,1
46,20240126,1
46,20240129,1
46,20240130,1
46,20240131,1
46,20240201,1
46,20240202,1
46,20240205,1
46,20240206,1
46,20240207,1
46,20240208,1
46,20240209,1
46,20240212,1
46,20240213,1
46,20240214,1
46,20240215,1
46,20240216,1
