shape_id,shape_pt_sequence,shape_pt_lat,shape_pt_lon,shape_dist_traveled
1,1,29.0181608,-81.3528693,
1,2,29.0163407,-81.352247,
1,3,29.0150741,-81.3518178,
1,4,29.0125972,-81.350981,
1,5,29.0107206,-81.3502836,
1,6,29.0090411,-81.3496721,
1,7,29.0078495,-81.3492215,
1,8,29.007005,-81.3488996,
1,9,29.0052973,-81.3482773,
1,10,29.0039555,-81.3477731,
1,11,29.0030172,-81.3473868,
1,12,29.0021914,-81.346904,
1,13,29.0014501,-81.3462603,
1,14,29.0003429,-81.3452411,
1,15,28.9993482,-81.3443077,
1,16,28.9988509,-81.3438249,
1,17,28.9985975,-81.3436639,
1,18,28.9974996,-81.3429987,
1,19,28.9957729,-81.341958,
1,20,28.9934644,-81.340574,
1,21,28.991306,-81.3392758,
1,22,28.9892227,-81.3379991,
1,23,28.9880214,-81.3373232,
1,24,28.9871393,-81.3367975,
1,25,28.9847367,-81.3353491,
1,26,28.9822309,-81.3338256,
1,27,28.9809545,-81.3331282,
1,28,28.9802881,-81.3327742,
1,29,28.9795936,-81.3325059,
1,30,28.9788615,-81.3323236,
1,31,28.9780638,-81.332227,
1,32,28.9768436,-81.3322055,
1,33,28.9720755,-81.3321948,
1,34,28.9679268,-81.3322163,
1,35,28.9655707,-81.3322377,
1,36,28.9611401,-81.3322055,
1,37,28.9574696,-81.332227,
1,38,28.9528696,-81.332227,
1,39,28.9476123,-81.3322484,
1,40,28.9439132,-81.3322592,
1,41,28.9421011,-81.3322806,
1,42,28.9403642,-81.3322914,
1,43,28.9390403,-81.332345,
1,44,28.9380169,-81.332463,
1,45,28.9362141,-81.3327205,
1,46,28.934862,-81.3328815,
1,47,28.9338855,-81.3329136,
1,48,28.9299887,-81.3329029,
1,49,28.9232277,-81.3329351,
1,50,28.921312,-81.3329244,
1,51,28.9185041,-81.3329566,
1,52,28.9178655,-81.3330317,
1,53,28.9174523,-81.3330853,
1,54,28.9159309,-81.3335145,
1,55,28.913245,-81.334362,
1,56,28.9101364,-81.3353062,
1,57,28.9062481,-81.3364971,
1,58,28.9035337,-81.3373232,
1,59,28.8995982,-81.3385463,
1,60,28.8978136,-81.339072,
1,61,28.8963859,-81.3393295,
1,62,28.8955029,-81.3394475,
1,63,28.894263,-81.3395011,
1,64,28.8933613,-81.3394475,
1,65,28.8905338,-81.3392437,
1,66,28.8881196,-81.3390613,
1,67,28.8824738,-81.3385892,
1,68,28.8775605,-81.3381708,
1,69,28.8762264,-81.3380635,
1,70,28.8749487,-81.3378167,
1,71,28.8739528,-81.3374305,
1,72,28.8729945,-81.3369048,
1,73,28.8723933,-81.3364756,
1,74,28.8716228,-81.3358212,
1,75,28.8697626,-81.3338792,
1,76,28.8663144,-81.3304138,
1,77,28.8618701,-81.325897,
1,78,28.8605452,-81.3245773,
1,79,28.8597841,-81.3240409,
1,80,28.8589384,-81.3236225,
1,81,28.8580458,-81.3234293,
1,82,28.8568524,-81.3233864,
1,83,28.8555557,-81.323365,
1,84,28.854995,-81.323395,
1,85,28.854511,-81.323384,
1,86,28.852523,-81.323348,
1,87,28.851175,-81.323349,
1,88,28.849043,-81.323302,
1,89,28.847909,-81.323284,
1,90,28.845353,-81.323241,
1,91,28.844128,-81.323238,
1,92,28.843413,-81.323221,
1,93,28.84306,-81.323215,
1,94,28.842785,-81.323233,
1,95,28.842471,-81.323267,
1,96,28.842139,-81.323306,
1,97,28.842043,-81.32332,
1,98,28.84162,-81.323403,
1,99,28.839892,-81.323948,
1,100,28.8385,-81.324439,
1,101,28.837273,-81.324856,
1,102,28.836182,-81.325234,
1,103,28.835139,-81.325587,
1,104,28.833974,-81.325965,
1,105,28.833502,-81.326122,
1,106,28.83328,-81.326151,
1,107,28.832935,-81.326174,
1,108,28.83219,-81.326098,
1,109,28.831893,-81.326042,
1,110,28.831676,-81.325953,
1,111,28.831188,-81.325738,
1,112,28.830674,-81.3254,
1,113,28.830456,-81.325201,
1,114,28.830104,-81.324809,
1,115,28.829748,-81.324317,
1,116,28.829326,-81.323657,
1,117,28.828957,-81.323057,
1,118,28.828688,-81.32263,
1,119,28.82804,-81.321588,
1,120,28.827754,-81.321082,
1,121,28.82761,-81.320824,
1,122,28.827459,-81.320507,
1,123,28.827272,-81.320125,
1,124,28.827055,-81.319629,
1,125,28.826825,-81.319094,
1,126,28.826404,-81.318122,
1,127,28.826088,-81.317507,
1,128,28.825831,-81.317036,
1,129,28.825406,-81.316361,
1,130,28.824319,-81.314614,
1,131,28.821495,-81.310095,
1,132,28.820896,-81.309147,
1,133,28.820531,-81.308636,
1,134,28.820152,-81.30816,
1,135,28.81973,-81.307653,
1,136,28.819291,-81.307142,
1,137,28.818887,-81.306631,
1,138,28.818504,-81.306124,
1,139,28.818248,-81.305752,
1,140,28.818117,-81.305549,
1,141,28.81641,-81.302811,
1,142,28.815349,-81.301109,
1,143,28.813011,-81.297374,
1,144,28.812516,-81.296595,
1,145,28.811395,-81.294904,
1,146,28.810951,-81.294219,
1,147,28.810664,-81.293822,
1,148,28.81049,-81.293624,
1,149,28.810295,-81.293405,
1,150,28.810107,-81.293231,
1,151,28.809807,-81.292958,
1,152,28.809541,-81.292759,
1,153,28.809097,-81.292466,
1,154,28.808666,-81.292242,
1,155,28.808265,-81.292073,
1,156,28.807886,-81.291963,
1,157,28.807581,-81.291887,
1,158,28.807289,-81.291852,
1,159,28.806835,-81.291816,
1,160,28.806229,-81.291809,
1,161,28.802998,-81.291825,
1,162,28.800224,-81.291822,
1,163,28.797573,-81.291825,
1,164,28.797089,-81.291804,
1,165,28.793761,-81.29179,
1,166,28.791053,-81.291757,
1,167,28.790547,-81.291771,
1,168,28.788768,-81.291776,
1,169,28.787813,-81.291788,
1,170,28.787194,-81.291846,
1,171,28.786666,-81.291923,
1,172,28.785623,-81.292183,
1,173,28.784933,-81.292433,
1,174,28.784528,-81.2926,
1,175,28.783877,-81.29293,
1,176,28.783654,-81.293063,
1,177,28.783336,-81.293265,
1,178,28.782929,-81.293556,
1,179,28.782549,-81.293832,
1,180,28.782034,-81.294306,
1,181,28.781426,-81.294913,
1,182,28.780486,-81.295906,
1,183,28.778847,-81.297633,
1,184,28.778419,-81.298068,
1,185,28.777894,-81.298611,
1,186,28.777296,-81.299248,
1,187,28.776159,-81.300422,
1,188,28.774384,-81.302273,
1,189,28.773969,-81.302718,
1,190,28.770686,-81.306138,
1,191,28.769519,-81.307333,
1,192,28.769323,-81.307505,
1,193,28.769056,-81.307702,
1,194,28.768833,-81.307845,
1,195,28.768489,-81.308037,
1,196,28.767939,-81.308254,
1,197,28.767441,-81.308435,
1,198,28.765935,-81.30896,
1,199,28.765416,-81.309181,
1,200,28.764997,-81.309393,
1,201,28.764538,-81.309674,
1,202,28.764062,-81.309979,
1,203,28.763005,-81.310733,
1,204,28.762647,-81.311044,
1,205,28.762446,-81.311237,
1,206,28.762183,-81.311552,
1,207,28.761895,-81.311933,
1,208,28.761645,-81.312328,
1,209,28.761238,-81.313094,
1,210,28.761071,-81.31342,
1,211,28.758942,-81.317739,
1,212,28.758416,-81.318806,
1,213,28.75821,-81.319216,
1,214,28.757978,-81.319567,
1,215,28.757737,-81.319942,
1,216,28.757519,-81.320194,
1,217,28.757226,-81.32048,
1,218,28.756898,-81.320737,
1,219,28.756645,-81.320909,
1,220,28.75644,-81.321022,
1,221,28.756212,-81.321135,
1,222,28.755859,-81.321238,
1,223,28.755588,-81.321322,
1,224,28.755253,-81.321375,
1,225,28.754978,-81.321389,
1,226,28.753997,-81.321356,
1,227,28.752706,-81.321253,
1,228,28.750731,-81.321094,
1,229,28.749384,-81.320986,
1,230,28.748821,-81.320925,
1,231,28.748132,-81.320883,
1,232,28.747631,-81.320886,
1,233,28.747164,-81.320905,
1,234,28.746453,-81.321002,
1,235,28.746052,-81.321089,
1,236,28.745637,-81.321222,
1,237,28.745035,-81.321423,
1,238,28.744589,-81.321644,
1,239,28.744148,-81.32187,
1,240,28.743598,-81.322235,
1,241,28.743174,-81.322555,
1,242,28.742737,-81.32294,
1,243,28.741409,-81.324173,
1,244,28.739477,-81.325913,
1,245,28.73619,-81.328931,
1,246,28.735062,-81.329947,
1,247,28.734595,-81.330386,
1,248,28.734062,-81.330839,
1,249,28.733559,-81.331239,
1,250,28.733188,-81.33151,
1,251,28.732886,-81.331741,
1,252,28.731899,-81.33247,
1,253,28.730514,-81.333485,
1,254,28.729671,-81.334101,
1,255,28.728181,-81.33514,
1,256,28.727862,-81.335327,
1,257,28.727496,-81.335519,
1,258,28.727063,-81.335735,
1,259,28.72671,-81.335892,
1,260,28.726334,-81.336035,
1,261,28.726011,-81.336133,
1,262,28.725627,-81.336255,
1,263,28.725256,-81.336343,
1,264,28.724833,-81.336436,
1,265,28.724375,-81.336498,
1,266,28.723734,-81.336566,
1,267,28.722975,-81.336593,
1,268,28.720419,-81.33656,
1,269,28.719696,-81.336543,
1,270,28.716416,-81.336503,
1,271,28.715225,-81.336608,
1,272,28.71434,-81.336778,
1,273,28.713641,-81.336998,
1,274,28.71307,-81.337219,
1,275,28.712485,-81.337489,
1,276,28.711991,-81.33776,
1,277,28.711445,-81.338099,
1,278,28.71089,-81.338513,
1,279,28.710322,-81.338981,
1,280,28.709719,-81.339528,
1,281,28.708172,-81.340943,
1,282,28.706681,-81.342283,
1,283,28.706248,-81.342688,
1,284,28.705956,-81.342924,
1,285,28.705593,-81.343195,
1,286,28.7053,-81.343392,
1,287,28.704946,-81.343613,
1,288,28.704575,-81.343835,
1,289,28.704173,-81.344046,
1,290,28.703794,-81.344228,
1,291,28.703331,-81.344439,
1,292,28.70096,-81.345534,
1,293,28.70058,-81.345686,
1,294,28.69996,-81.345991,
1,295,28.699379,-81.346325,
1,296,28.698838,-81.346665,
1,297,28.697453,-81.347635,
1,298,28.696631,-81.348221,
1,299,28.696356,-81.348393,
1,300,28.695928,-81.348658,
1,301,28.695539,-81.348875,
1,302,28.69512,-81.349091,
1,303,28.694592,-81.349337,
1,304,28.694016,-81.349567,
1,305,28.693383,-81.349783,
1,306,28.69292,-81.34992,
1,307,28.692392,-81.350036,
1,308,28.691956,-81.350124,
1,309,28.691559,-81.350182,
1,310,28.690883,-81.350259,
1,311,28.690311,-81.350307,
1,312,28.689653,-81.35028,
1,313,28.689134,-81.350253,
1,314,28.688227,-81.350161,
1,315,28.686976,-81.350028,
1,316,28.683588,-81.349676,
1,317,28.680227,-81.349319,
1,318,28.67891,-81.349235,
1,319,28.677855,-81.349162,
1,320,28.677462,-81.349161,
1,321,28.676948,-81.349199,
1,322,28.676825,-81.349213,
1,323,28.67625,-81.349281,
1,324,28.675901,-81.349339,
1,325,28.675556,-81.349417,
1,326,28.674976,-81.349573,
1,327,28.674443,-81.349764,
1,328,28.673448,-81.350191,
1,329,28.673076,-81.350388,
1,330,28.672382,-81.350825,
1,331,28.671473,-81.351515,
1,332,28.670109,-81.352677,
1,333,28.668689,-81.3538,
1,334,28.66851,-81.353923,
1,335,28.668143,-81.354169,
1,336,28.667802,-81.35439,
1,337,28.66737,-81.354651,
1,338,28.666811,-81.35497,
1,339,28.665684,-81.355589,
1,340,28.663492,-81.356798,
1,341,28.663134,-81.35698,
1,342,28.662854,-81.357118,
1,343,28.662387,-81.357334,
1,344,28.661846,-81.357534,
1,345,28.661496,-81.357652,
1,346,28.661265,-81.357706,
1,347,28.660597,-81.357886,
1,348,28.660205,-81.357949,
1,349,28.658769,-81.358236,
1,350,28.657486,-81.358454,
1,351,28.657059,-81.358512,
1,352,28.65647,-81.358569,
1,353,28.655903,-81.358592,
1,354,28.655384,-81.358595,
1,355,28.654726,-81.358549,
1,356,28.653701,-81.358441,
1,357,28.65344,-81.358401,
1,358,28.650358,-81.357911,
1,359,28.648487,-81.357652,
1,360,28.646992,-81.35743,
1,361,28.643627,-81.356929,
1,362,28.643261,-81.356883,
1,363,28.642947,-81.356833,
1,364,28.642567,-81.356802,
1,365,28.64224,-81.356796,
1,366,28.64183,-81.356829,
1,367,28.641455,-81.356897,
1,368,28.640993,-81.356999,
1,369,28.640779,-81.357077,
1,370,28.640351,-81.357264,
1,371,28.639831,-81.357539,
1,372,28.639346,-81.357878,
1,373,28.638791,-81.358405,
1,374,28.637439,-81.359933,
1,375,28.637129,-81.360268,
1,376,28.636879,-81.360544,
1,377,28.636429,-81.361047,
1,378,28.636123,-81.361347,
1,379,28.635633,-81.361751,
1,380,28.635271,-81.361987,
1,381,28.634576,-81.36236,
1,382,28.634057,-81.36263,
1,383,28.631292,-81.364064,
1,384,28.63076,-81.364344,
1,385,28.629821,-81.36483,
1,386,28.629432,-81.365022,
1,387,28.629222,-81.365125,
1,388,28.628991,-81.365223,
1,389,28.628568,-81.365365,
1,390,28.628367,-81.365403,
1,391,28.628061,-81.365442,
1,392,28.627638,-81.36547,
1,393,28.627425,-81.365469,
1,394,28.626191,-81.365465,
1,395,28.625903,-81.365479,
1,396,28.625728,-81.365493,
1,397,28.625475,-81.365552,
1,398,28.625174,-81.365635,
1,399,28.62489,-81.365742,
1,400,28.624061,-81.36614,
1,401,28.623471,-81.366424,
1,402,28.622768,-81.366803,
1,403,28.622178,-81.367092,
1,404,28.621886,-81.367239,
1,405,28.621641,-81.367342,
1,406,28.621397,-81.367426,
1,407,28.621227,-81.36744,
1,408,28.620756,-81.367478,
1,409,28.618553,-81.36746,
1,410,28.617393,-81.367446,
1,411,28.616739,-81.367429,
1,412,28.616225,-81.367393,
1,413,28.615954,-81.367357,
1,414,28.615662,-81.367302,
1,415,28.615209,-81.367162,
1,416,28.614835,-81.366997,
1,417,28.614347,-81.366719,
1,418,28.614147,-81.3666,
1,419,28.61332,-81.366048,
1,420,28.612405,-81.365452,
1,421,28.610899,-81.364449,
1,422,28.609706,-81.363669,
1,423,28.609306,-81.363366,
1,424,28.608984,-81.363068,
1,425,28.608649,-81.362716,
1,426,28.608162,-81.362121,
1,427,28.607672,-81.361504,
1,428,28.607453,-81.361198,
1,429,28.606451,-81.359893,
1,430,28.604084,-81.356857,
1,431,28.603136,-81.355627,
1,432,28.602802,-81.355258,
1,433,28.601454,-81.353447,
1,434,28.600961,-81.352829,
1,435,28.600811,-81.352667,
1,436,28.600646,-81.352517,
1,437,28.600505,-81.352397,
1,438,28.600262,-81.352225,
1,439,28.599831,-81.351992,
1,440,28.599565,-81.351875,
1,441,28.599223,-81.351774,
1,442,28.59895,-81.35172,
1,443,28.598729,-81.35169,
1,444,28.597762,-81.351668,
1,445,28.596863,-81.351665,
1,446,28.596567,-81.351705,
1,447,28.596208,-81.351793,
1,448,28.595941,-81.351893,
1,449,28.595631,-81.352045,
1,450,28.595393,-81.352193,
1,451,28.595093,-81.352439,
1,452,28.594869,-81.35265,
1,453,28.594667,-81.352881,
1,454,28.593861,-81.354139,
1,455,28.593177,-81.355226,
1,456,28.592569,-81.356186,
1,457,28.592192,-81.356774,
1,458,28.59201,-81.357046,
1,459,28.591785,-81.35734,
1,460,28.591654,-81.357542,
1,461,28.591412,-81.357756,
1,462,28.590967,-81.358135,
1,463,28.589937,-81.359045,
1,464,28.589452,-81.359465,
1,465,28.588631,-81.360186,
1,466,28.58802,-81.360721,
1,467,28.586513,-81.362021,
1,468,28.585928,-81.362582,
1,469,28.585592,-81.362972,
1,470,28.585307,-81.363397,
1,471,28.584844,-81.364197,
1,472,28.584441,-81.364911,
1,473,28.58415,-81.365429,
1,474,28.583091,-81.367271,
1,475,28.582347,-81.368555,
1,476,28.581937,-81.369274,
1,477,28.581706,-81.36959,
1,478,28.581485,-81.369839,
1,479,28.581253,-81.370077,
1,480,28.58095,-81.370314,
1,481,28.580666,-81.3705,
1,482,28.580442,-81.370607,
1,483,28.579905,-81.370836,
1,484,28.57945,-81.371014,
1,485,28.579127,-81.371147,
1,486,28.578831,-81.371213,
1,487,28.578436,-81.371294,
1,488,28.578093,-81.371334,
1,489,28.577652,-81.371339,
1,490,28.577168,-81.371334,
1,491,28.576638,-81.371336,
1,492,28.574242,-81.371272,
1,493,28.574058,-81.371275,
1,494,28.573791,-81.371304,
1,495,28.573405,-81.371366,
1,496,28.571515,-81.37175,
1,497,28.570563,-81.371941,
1,498,28.57029,-81.371996,
1,499,28.568037,-81.372469,
1,500,28.567763,-81.37252,
1,501,28.567477,-81.372564,
1,502,28.56725,-81.372589,
1,503,28.566562,-81.372583,
1,504,28.565334,-81.372523,
1,505,28.564113,-81.372466,
1,506,28.56378,-81.372454,
1,507,28.563478,-81.372468,
1,508,28.563198,-81.372504,
1,509,28.562954,-81.372563,
1,510,28.562588,-81.372659,
1,511,28.562282,-81.372777,
1,512,28.561926,-81.372951,
1,513,28.56156,-81.373173,
1,514,28.561362,-81.373329,
1,515,28.561062,-81.373585,
1,516,28.560854,-81.373786,
1,517,28.560632,-81.374054,
1,518,28.560444,-81.374295,
1,519,28.560242,-81.3746,
1,520,28.560001,-81.375047,
1,521,28.558637,-81.377652,
1,522,28.558359,-81.378192,
1,523,28.558141,-81.378549,
1,524,28.557926,-81.378876,
1,525,28.557655,-81.379203,
1,526,28.557431,-81.379456,
1,527,28.557117,-81.379746,
1,528,28.556873,-81.37995,
1,529,28.556613,-81.380128,
1,530,28.556303,-81.380328,
1,531,28.555973,-81.380484,
1,532,28.555617,-81.38065,
1,533,28.555301,-81.380757,
1,534,28.554951,-81.380845,
1,535,28.554629,-81.380908,
1,536,28.554319,-81.38094,
1,537,28.553035,-81.380913,
1,538,28.550748,-81.380901,
1,539,28.550079,-81.38088,
1,540,28.547074,-81.380851,
1,541,28.543973,-81.380828,
1,542,28.542087,-81.38081,
1,543,28.541313,-81.380804,
1,544,28.538403,-81.380763,
1,545,28.538206,-81.380763,
1,546,28.537959,-81.380807,
1,547,28.537676,-81.38088,
1,548,28.53727,-81.381058,
1,549,28.536868,-81.381351,
1,550,28.536696,-81.381499,
1,551,28.536376,-81.381811,
1,552,28.535963,-81.382179,
1,553,28.535719,-81.382364,
1,554,28.535574,-81.382453,
1,555,28.53506,-81.382675,
1,556,28.534905,-81.382719,
1,557,28.534711,-81.382737,
1,558,28.534431,-81.382773,
1,559,28.534062,-81.382753,
1,560,28.532453,-81.382606,
1,561,28.530676,-81.382428,
1,562,28.529419,-81.382308,
1,563,28.527875,-81.382161,
1,564,28.526299,-81.382002,
1,565,28.523666,-81.381754,
1,566,28.523275,-81.381697,
1,567,28.522824,-81.381662,
1,568,28.521945,-81.381569,
1,569,28.521103,-81.381495,
1,570,28.520356,-81.381407,
1,571,28.520165,-81.381384,
1,572,28.51824,-81.381194,
1,573,28.51716,-81.381093,
1,574,28.515544,-81.380924,
1,575,28.514287,-81.380807,
1,576,28.514063,-81.380773,
1,577,28.513395,-81.380644,
1,578,28.512899,-81.380508,
1,579,28.511461,-81.380167,
1,580,28.511053,-81.380065,
1,581,28.509277,-81.379638,
1,582,28.508991,-81.37957,
1,583,28.50877,-81.379517,
1,584,28.508602,-81.379468,
1,585,28.508362,-81.379418,
1,586,28.507951,-81.379312,
1,587,28.507204,-81.379135,
1,588,28.504201,-81.378405,
1,589,28.503362,-81.3782,
1,590,28.503096,-81.37814,
1,591,28.502579,-81.378025,
1,592,28.501961,-81.377868,
1,593,28.501118,-81.377665,
1,594,28.498353,-81.376987,
1,595,28.495139,-81.376217,
1,596,28.493859,-81.375907,
1,597,28.492551,-81.375594,
1,598,28.492034,-81.375469,
1,599,28.489237,-81.374791,
1,600,28.4875,-81.374308,
1,601,28.48624,-81.373954,
1,602,28.483628,-81.373213,
1,603,28.480571,-81.372348,
1,604,28.480178,-81.372224,
1,605,28.47757,-81.371496,
1,606,28.474553,-81.370641,
1,607,28.471913,-81.369886,
1,608,28.471536,-81.369785,
1,609,28.468486,-81.368911,
1,610,28.465497,-81.36806,
1,611,28.463259,-81.367443,
1,612,28.462861,-81.367342,
1,613,28.462476,-81.367259,
1,614,28.461934,-81.367162,
1,615,28.461412,-81.367105,
1,616,28.460867,-81.367044,
1,617,28.460256,-81.367015,
1,618,28.459441,-81.366999,
1,619,28.456354,-81.366992,
1,620,28.453286,-81.366986,
1,621,28.453055,-81.366983,
1,622,28.453058,-81.366975,
1,623,28.451628,-81.366956,
1,624,28.447968,-81.36701,
1,625,28.44478,-81.366946,
1,626,28.442072,-81.36687,
1,627,28.440874,-81.366956,
1,628,28.43794,-81.367707,
1,629,28.434827,-81.368609,
1,630,28.42542,-81.371516,
1,631,28.421646,-81.372685,
1,632,28.420863,-81.372943,
1,633,28.416239,-81.374316,
1,634,28.413786,-81.375024,
1,635,28.41171,-81.375539,
1,636,28.410559,-81.375625,
1,637,28.404613,-81.375454,
1,638,28.395893,-81.374724,
1,639,28.390211,-81.374252,
1,640,28.384737,-81.373887,
1,641,28.374014,-81.373029,
1,642,28.371635,-81.372922,
1,643,28.369577,-81.372836,
1,644,28.368765,-81.372964,
1,645,28.367689,-81.373329,
1,646,28.366178,-81.374209,
1,647,28.357851,-81.381805,
1,648,28.353999,-81.385109,
1,649,28.351752,-81.386933,
1,650,28.350581,-81.387963,
1,651,28.349372,-81.388564,
1,652,28.346691,-81.389079,
1,653,28.331393,-81.392866,
1,654,28.324367,-81.394658,
1,655,28.312429,-81.397491,
1,656,28.302071,-81.400028,
1,657,28.300952,-81.400291,
1,658,28.299313,-81.400709,
1,659,28.297948,-81.401181,
1,660,28.297315,-81.401449,
1,661,28.295945,-81.402276,
1,662,28.295019,-81.402919,
1,663,28.294424,-81.403359,
1,664,28.292355,-81.405516,
1,665,28.289965,-81.408101,
1,666,28.28919,-81.409088,
1,667,28.287584,-81.412092,
1,668,28.284325,-81.417897,
1,669,28.282142,-81.421791,
1,670,28.28064,-81.424624,
1,671,28.278911,-81.427628,
1,672,28.276785,-81.431501,
1,673,28.27225,-81.439687,
1,674,28.269717,-81.444215,
1,675,28.265333,-81.4521,
1,676,28.262281,-81.457561,
1,677,28.260712,-81.460244,
1,678,28.260211,-81.461177,
1,679,28.259351,-81.462765,
1,680,28.258897,-81.463677,
1,681,28.258567,-81.46461,
1,682,28.258255,-81.466037,
1,683,28.25817,-81.466928,
1,684,28.258425,-81.474245,
1,685,28.258879,-81.485167,
1,686,28.258888,-81.485392,
2,1,28.258888,-81.485392,
2,2,28.258879,-81.485167,
2,3,28.258425,-81.474245,
2,4,28.25817,-81.466928,
2,5,28.258255,-81.466037,
2,6,28.258567,-81.46461,
2,7,28.258897,-81.463677,
2,8,28.259351,-81.462765,
2,9,28.260211,-81.461177,
2,10,28.260712,-81.460244,
2,11,28.262281,-81.457561,
2,12,28.265333,-81.4521,
2,13,28.269717,-81.444215,
2,14,28.27225,-81.439687,
2,15,28.276785,-81.431501,
2,16,28.278911,-81.427628,
2,17,28.28064,-81.424624,
2,18,28.282142,-81.421791,
2,19,28.284325,-81.417897,
2,20,28.287584,-81.412092,
2,21,28.28919,-81.409088,
2,22,28.289965,-81.408101,
2,23,28.292355,-81.405516,
2,24,28.294424,-81.403359,
2,25,28.295019,-81.402919,
2,26,28.295945,-81.402276,
2,27,28.297315,-81.401449,
2,28,28.297948,-81.401181,
2,29,28.299313,-81.400709,
2,30,28.300952,-81.400291,
2,31,28.302071,-81.400028,
2,32,28.312429,-81.397491,
2,33,28.324367,-81.394658,
2,34,28.331393,-81.392866,
2,35,28.346691,-81.389079,
2,36,28.349372,-81.388564,
2,37,28.350581,-81.387963,
2,38,28.351752,-81.386933,
2,39,28.353999,-81.385109,
2,40,28.357851,-81.381805,
2,41,28.366178,-81.374209,
2,42,28.367689,-81.373329,
2,43,28.368765,-81.372964,
2,44,28.369577,-81.372836,
2,45,28.371635,-81.372922,
2,46,28.374014,-81.373029,
2,47,28.384737,-81.373887,
2,48,28.390211,-81.374252,
2,49,28.395893,-81.374724,
2,50,28.404613,-81.375454,
2,51,28.410559,-81.375625,
2,52,28.41171,-81.375539,
2,53,28.413786,-81.375024,
2,54,28.416239,-81.374316,
2,55,28.420863,-81.372943,
2,56,28.421646,-81.372685,
2,57,28.42542,-81.371516,
2,58,28.434827,-81.368609,
2,59,28.43794,-81.367707,
2,60,28.440874,-81.366956,
2,61,28.442072,-81.36687,
2,62,28.44478,-81.366946,
2,63,28.447968,-81.36701,
2,64,28.451628,-81.366956,
2,65,28.453058,-81.366975,
2,66,28.453055,-81.366983,
2,67,28.453286,-81.366986,
2,68,28.456354,-81.366992,
2,69,28.459441,-81.366999,
2,70,28.460256,-81.367015,
2,71,28.460867,-81.367044,
2,72,28.461412,-81.367105,
2,73,28.461934,-81.367162,
2,74,28.462476,-81.367259,
2,75,28.462861,-81.367342,
2,76,28.463259,-81.367443,
2,77,28.465497,-81.36806,
2,78,28.468486,-81.368911,
2,79,28.471536,-81.369785,
2,80,28.471913,-81.369886,
2,81,28.474553,-81.370641,
2,82,28.47757,-81.371496,
2,83,28.480178,-81.372224,
2,84,28.480571,-81.372348,
2,85,28.483628,-81.373213,
2,86,28.48624,-81.373954,
2,87,28.4875,-81.374308,
2,88,28.489237,-81.374791,
2,89,28.492034,-81.375469,
2,90,28.492551,-81.375594,
2,91,28.493859,-81.375907,
2,92,28.495139,-81.376217,
2,93,28.498353,-81.376987,
2,94,28.501118,-81.377665,
2,95,28.501961,-81.377868,
2,96,28.502579,-81.378025,
2,97,28.503096,-81.37814,
2,98,28.503362,-81.3782,
2,99,28.504201,-81.378405,
2,100,28.507204,-81.379135,
2,101,28.507951,-81.379312,
2,102,28.508362,-81.379418,
2,103,28.508602,-81.379468,
2,104,28.50877,-81.379517,
2,105,28.508991,-81.37957,
2,106,28.509277,-81.379638,
2,107,28.511053,-81.380065,
2,108,28.511461,-81.380167,
2,109,28.512899,-81.380508,
2,110,28.513395,-81.380644,
2,111,28.514063,-81.380773,
2,112,28.514287,-81.380807,
2,113,28.515544,-81.380924,
2,114,28.51716,-81.381093,
2,115,28.51824,-81.381194,
2,116,28.520165,-81.381384,
2,117,28.520356,-81.381407,
2,118,28.521103,-81.381495,
2,119,28.521945,-81.381569,
2,120,28.522824,-81.381662,
2,121,28.523275,-81.381697,
2,122,28.523666,-81.381754,
2,123,28.526299,-81.382002,
2,124,28.527875,-81.382161,
2,125,28.529419,-81.382308,
2,126,28.530676,-81.382428,
2,127,28.532453,-81.382606,
2,128,28.534062,-81.382753,
2,129,28.534431,-81.382773,
2,130,28.534711,-81.382737,
2,131,28.534905,-81.382719,
2,132,28.53506,-81.382675,
2,133,28.535574,-81.382453,
2,134,28.535719,-81.382364,
2,135,28.535963,-81.382179,
2,136,28.536376,-81.381811,
2,137,28.536696,-81.381499,
2,138,28.536868,-81.381351,
2,139,28.53727,-81.381058,
2,140,28.537676,-81.38088,
2,141,28.537959,-81.380807,
2,142,28.538206,-81.380763,
2,143,28.538403,-81.380763,
2,144,28.541313,-81.380804,
2,145,28.542087,-81.38081,
2,146,28.543973,-81.380828,
2,147,28.547074,-81.380851,
2,148,28.550079,-81.38088,
2,149,28.550748,-81.380901,
2,150,28.553035,-81.380913,
2,151,28.554319,-81.38094,
2,152,28.554629,-81.380908,
2,153,28.554951,-81.380845,
2,154,28.555301,-81.380757,
2,155,28.555617,-81.38065,
2,156,28.555973,-81.380484,
2,157,28.556303,-81.380328,
2,158,28.556613,-81.380128,
2,159,28.556873,-81.37995,
2,160,28.557117,-81.379746,
2,161,28.557431,-81.379456,
2,162,28.557655,-81.379203,
2,163,28.557926,-81.378876,
2,164,28.558141,-81.378549,
2,165,28.558359,-81.378192,
2,166,28.558637,-81.377652,
2,167,28.560001,-81.375047,
2,168,28.560242,-81.3746,
2,169,28.560444,-81.374295,
2,170,28.560632,-81.374054,
2,171,28.560854,-81.373786,
2,172,28.561062,-81.373585,
2,173,28.561362,-81.373329,
2,174,28.56156,-81.373173,
2,175,28.561926,-81.372951,
2,176,28.562282,-81.372777,
2,177,28.562588,-81.372659,
2,178,28.562954,-81.372563,
2,179,28.563198,-81.372504,
2,180,28.563478,-81.372468,
2,181,28.56378,-81.372454,
2,182,28.564113,-81.372466,
2,183,28.565334,-81.372523,
2,184,28.566562,-81.372583,
2,185,28.56725,-81.372589,
2,186,28.567477,-81.372564,
2,187,28.567763,-81.37252,
2,188,28.568037,-81.372469,
2,189,28.57029,-81.371996,
2,190,28.570563,-81.371941,
2,191,28.571515,-81.37175,
2,192,28.573405,-81.371366,
2,193,28.573791,-81.371304,
2,194,28.574058,-81.371275,
2,195,28.574242,-81.371272,
2,196,28.576638,-81.371336,
2,197,28.577168,-81.371334,
2,198,28.577652,-81.371339,
2,199,28.578093,-81.371334,
2,200,28.578436,-81.371294,
2,201,28.578831,-81.371213,
2,202,28.579127,-81.371147,
2,203,28.57945,-81.371014,
2,204,28.579905,-81.370836,
2,205,28.580442,-81.370607,
2,206,28.580666,-81.3705,
2,207,28.58095,-81.370314,
2,208,28.581253,-81.370077,
2,209,28.581485,-81.369839,
2,210,28.581706,-81.36959,
2,211,28.581937,-81.369274,
2,212,28.582347,-81.368555,
2,213,28.583091,-81.367271,
2,214,28.58415,-81.365429,
2,215,28.584441,-81.364911,
2,216,28.584844,-81.364197,
2,217,28.585307,-81.363397,
2,218,28.585592,-81.362972,
2,219,28.585928,-81.362582,
2,220,28.586513,-81.362021,
2,221,28.58802,-81.360721,
2,222,28.588631,-81.360186,
2,223,28.589452,-81.359465,
2,224,28.589937,-81.359045,
2,225,28.590967,-81.358135,
2,226,28.591412,-81.357756,
2,227,28.591654,-81.357542,
2,228,28.591785,-81.35734,
2,229,28.59201,-81.357046,
2,230,28.592192,-81.356774,
2,231,28.592569,-81.356186,
2,232,28.593177,-81.355226,
2,233,28.593861,-81.354139,
2,234,28.594667,-81.352881,
2,235,28.594869,-81.35265,
2,236,28.595093,-81.352439,
2,237,28.595393,-81.352193,
2,238,28.595631,-81.352045,
2,239,28.595941,-81.351893,
2,240,28.596208,-81.351793,
2,241,28.596567,-81.351705,
2,242,28.596863,-81.351665,
2,243,28.597762,-81.351668,
2,244,28.598729,-81.35169,
2,245,28.59895,-81.35172,
2,246,28.599223,-81.351774,
2,247,28.599565,-81.351875,
2,248,28.599831,-81.351992,
2,249,28.600262,-81.352225,
2,250,28.600505,-81.352397,
2,251,28.600646,-81.352517,
2,252,28.600811,-81.352667,
2,253,28.600961,-81.352829,
2,254,28.601454,-81.353447,
2,255,28.602802,-81.355258,
2,256,28.603136,-81.355627,
2,257,28.604084,-81.356857,
2,258,28.606451,-81.359893,
2,259,28.607453,-81.361198,
2,260,28.607672,-81.361504,
2,261,28.608162,-81.362121,
2,262,28.608649,-81.362716,
2,263,28.608984,-81.363068,
2,264,28.609306,-81.363366,
2,265,28.609706,-81.363669,
2,266,28.610899,-81.364449,
2,267,28.612405,-81.365452,
2,268,28.61332,-81.366048,
2,269,28.614147,-81.3666,
2,270,28.614347,-81.366719,
2,271,28.614835,-81.366997,
2,272,28.615209,-81.367162,
2,273,28.615662,-81.367302,
2,274,28.615954,-81.367357,
2,275,28.616225,-81.367393,
2,276,28.616739,-81.367429,
2,277,28.617393,-81.367446,
2,278,28.618553,-81.36746,
2,279,28.620756,-81.367478,
2,280,28.621227,-81.36744,
2,281,28.621397,-81.367426,
2,282,28.621641,-81.367342,
2,283,28.621886,-81.367239,
2,284,28.622178,-81.367092,
2,285,28.622768,-81.366803,
2,286,28.623471,-81.366424,
2,287,28.624061,-81.36614,
2,288,28.62489,-81.365742,
2,289,28.625174,-81.365635,
2,290,28.625475,-81.365552,
2,291,28.625728,-81.365493,
2,292,28.625903,-81.365479,
2,293,28.626191,-81.365465,
2,294,28.627425,-81.365469,
2,295,28.627638,-81.36547,
2,296,28.628061,-81.365442,
2,297,28.628367,-81.365403,
2,298,28.628568,-81.365365,
2,299,28.628991,-81.365223,
2,300,28.629222,-81.365125,
2,301,28.629432,-81.365022,
2,302,28.629821,-81.36483,
2,303,28.63076,-81.364344,
2,304,28.631292,-81.364064,
2,305,28.634057,-81.36263,
2,306,28.634576,-81.36236,
2,307,28.635271,-81.361987,
2,308,28.635633,-81.361751,
2,309,28.636123,-81.361347,
2,310,28.636429,-81.361047,
2,311,28.636879,-81.360544,
2,312,28.637129,-81.360268,
2,313,28.637439,-81.359933,
2,314,28.638791,-81.358405,
2,315,28.639346,-81.357878,
2,316,28.639831,-81.357539,
2,317,28.640351,-81.357264,
2,318,28.640779,-81.357077,
2,319,28.640993,-81.356999,
2,320,28.641455,-81.356897,
2,321,28.64183,-81.356829,
2,322,28.64224,-81.356796,
2,323,28.642567,-81.356802,
2,324,28.642947,-81.356833,
2,325,28.643261,-81.356883,
2,326,28.643627,-81.356929,
2,327,28.646992,-81.35743,
2,328,28.648487,-81.357652,
2,329,28.650358,-81.357911,
2,330,28.65344,-81.358401,
2,331,28.653701,-81.358441,
2,332,28.654726,-81.358549,
2,333,28.655384,-81.358595,
2,334,28.655903,-81.358592,
2,335,28.65647,-81.358569,
2,336,28.657059,-81.358512,
2,337,28.657486,-81.358454,
2,338,28.658769,-81.358236,
2,339,28.660205,-81.357949,
2,340,28.660597,-81.357886,
2,341,28.661265,-81.357706,
2,342,28.661496,-81.357652,
2,343,28.661846,-81.357534,
2,344,28.662387,-81.357334,
2,345,28.662854,-81.357118,
2,346,28.663134,-81.35698,
2,347,28.663492,-81.356798,
2,348,28.665684,-81.355589,
2,349,28.666811,-81.35497,
2,350,28.66737,-81.354651,
2,351,28.667802,-81.35439,
2,352,28.668143,-81.354169,
2,353,28.66851,-81.353923,
2,354,28.668689,-81.3538,
2,355,28.670109,-81.352677,
2,356,28.671473,-81.351515,
2,357,28.672382,-81.350825,
2,358,28.673076,-81.350388,
2,359,28.673448,-81.350191,
2,360,28.674443,-81.349764,
2,361,28.674976,-81.349573,
2,362,28.675556,-81.349417,
2,363,28.675901,-81.349339,
2,364,28.67625,-81.349281,
2,365,28.676825,-81.349213,
2,366,28.676948,-81.349199,
2,367,28.677462,-81.349161,
2,368,28.677855,-81.349162,
2,369,28.67891,-81.349235,
2,370,28.680227,-81.349319,
2,371,28.683588,-81.349676,
2,372,28.686976,-81.350028,
2,373,28.688227,-81.350161,
2,374,28.689134,-81.350253,
2,375,28.689653,-81.35028,
2,376,28.690311,-81.350307,
2,377,28.690883,-81.350259,
2,378,28.691559,-81.350182,
2,379,28.691956,-81.350124,
2,380,28.692392,-81.350036,
2,381,28.69292,-81.34992,
2,382,28.693383,-81.349783,
2,383,28.694016,-81.349567,
2,384,28.694592,-81.349337,
2,385,28.69512,-81.349091,
2,386,28.695539,-81.348875,
2,387,28.695928,-81.348658,
2,388,28.696356,-81.348393,
2,389,28.696631,-81.348221,
2,390,28.697453,-81.347635,
2,391,28.698838,-81.346665,
2,392,28.699379,-81.346325,
2,393,28.69996,-81.345991,
2,394,28.70058,-81.345686,
2,395,28.70096,-81.345534,
2,396,28.703331,-81.344439,
2,397,28.703794,-81.344228,
2,398,28.704173,-81.344046,
2,399,28.704575,-81.343835,
2,400,28.704946,-81.343613,
2,401,28.7053,-81.343392,
2,402,28.705593,-81.343195,
2,403,28.705956,-81.342924,
2,404,28.706248,-81.342688,
2,405,28.706681,-81.342283,
2,406,28.708172,-81.340943,
2,407,28.709719,-81.339528,
2,408,28.710322,-81.338981,
2,409,28.71089,-81.338513,
2,410,28.711445,-81.338099,
2,411,28.711991,-81.33776,
2,412,28.712485,-81.337489,
2,413,28.71307,-81.337219,
2,414,28.713641,-81.336998,
2,415,28.71434,-81.336778,
2,416,28.715225,-81.336608,
2,417,28.716416,-81.336503,
2,418,28.719696,-81.336543,
2,419,28.720419,-81.33656,
2,420,28.722975,-81.336593,
2,421,28.723734,-81.336566,
2,422,28.724375,-81.336498,
2,423,28.724833,-81.336436,
2,424,28.725256,-81.336343,
2,425,28.725627,-81.336255,
2,426,28.726011,-81.336133,
2,427,28.726334,-81.336035,
2,428,28.72671,-81.335892,
2,429,28.727063,-81.335735,
2,430,28.727496,-81.335519,
2,431,28.727862,-81.335327,
2,432,28.728181,-81.33514,
2,433,28.729671,-81.334101,
2,434,28.730514,-81.333485,
2,435,28.731899,-81.33247,
2,436,28.732886,-81.331741,
2,437,28.733188,-81.33151,
2,438,28.733559,-81.331239,
2,439,28.734062,-81.330839,
2,440,28.734595,-81.330386,
2,441,28.735062,-81.329947,
2,442,28.73619,-81.328931,
2,443,28.739477,-81.325913,
2,444,28.741409,-81.324173,
2,445,28.742737,-81.32294,
2,446,28.743174,-81.322555,
2,447,28.743598,-81.322235,
2,448,28.744148,-81.32187,
2,449,28.744589,-81.321644,
2,450,28.745035,-81.321423,
2,451,28.745637,-81.321222,
2,452,28.746052,-81.321089,
2,453,28.746453,-81.321002,
2,454,28.747164,-81.320905,
2,455,28.747631,-81.320886,
2,456,28.748132,-81.320883,
2,457,28.748821,-81.320925,
2,458,28.749384,-81.320986,
2,459,28.750731,-81.321094,
2,460,28.752706,-81.321253,
2,461,28.753997,-81.321356,
2,462,28.754978,-81.321389,
2,463,28.755253,-81.321375,
2,464,28.755588,-81.321322,
2,465,28.755859,-81.321238,
2,466,28.756212,-81.321135,
2,467,28.75644,-81.321022,
2,468,28.756645,-81.320909,
2,469,28.756898,-81.320737,
2,470,28.757226,-81.32048,
2,471,28.757519,-81.320194,
2,472,28.757737,-81.319942,
2,473,28.757978,-81.319567,
2,474,28.75821,-81.319216,
2,475,28.758416,-81.318806,
2,476,28.758942,-81.317739,
2,477,28.761071,-81.31342,
2,478,28.761238,-81.313094,
2,479,28.761645,-81.312328,
2,480,28.761895,-81.311933,
2,481,28.762183,-81.311552,
2,482,28.762446,-81.311237,
2,483,28.762647,-81.311044,
2,484,28.763005,-81.310733,
2,485,28.764062,-81.309979,
2,486,28.764538,-81.309674,
2,487,28.764997,-81.309393,
2,488,28.765416,-81.309181,
2,489,28.765935,-81.30896,
2,490,28.767441,-81.308435,
2,491,28.767939,-81.308254,
2,492,28.768489,-81.308037,
2,493,28.768833,-81.307845,
2,494,28.769056,-81.307702,
2,495,28.769323,-81.307505,
2,496,28.769519,-81.307333,
2,497,28.770686,-81.306138,
2,498,28.773969,-81.302718,
2,499,28.774384,-81.302273,
2,500,28.776159,-81.300422,
2,501,28.777296,-81.299248,
2,502,28.777894,-81.298611,
2,503,28.778419,-81.298068,
2,504,28.778847,-81.297633,
2,505,28.780486,-81.295906,
2,506,28.781426,-81.294913,
2,507,28.782034,-81.294306,
2,508,28.782549,-81.293832,
2,509,28.782929,-81.293556,
2,510,28.783336,-81.293265,
2,511,28.783654,-81.293063,
2,512,28.783877,-81.29293,
2,513,28.784528,-81.2926,
2,514,28.784933,-81.292433,
2,515,28.785623,-81.292183,
2,516,28.786666,-81.291923,
2,517,28.787194,-81.291846,
2,518,28.787813,-81.291788,
2,519,28.788768,-81.291776,
2,520,28.790547,-81.291771,
2,521,28.791053,-81.291757,
2,522,28.793761,-81.29179,
2,523,28.797089,-81.291804,
2,524,28.797573,-81.291825,
2,525,28.800224,-81.291822,
2,526,28.802998,-81.291825,
2,527,28.806229,-81.291809,
2,528,28.806835,-81.291816,
2,529,28.807289,-81.291852,
2,530,28.807581,-81.291887,
2,531,28.807886,-81.291963,
2,532,28.808265,-81.292073,
2,533,28.808666,-81.292242,
2,534,28.809097,-81.292466,
2,535,28.809541,-81.292759,
2,536,28.809807,-81.292958,
2,537,28.810107,-81.293231,
2,538,28.810295,-81.293405,
2,539,28.81049,-81.293624,
2,540,28.810664,-81.293822,
2,541,28.810951,-81.294219,
2,542,28.811395,-81.294904,
2,543,28.812516,-81.296595,
2,544,28.813011,-81.297374,
2,545,28.815349,-81.301109,
2,546,28.81641,-81.302811,
2,547,28.818117,-81.305549,
2,548,28.818248,-81.305752,
2,549,28.818504,-81.306124,
2,550,28.818887,-81.306631,
2,551,28.819291,-81.307142,
2,552,28.81973,-81.307653,
2,553,28.820152,-81.30816,
2,554,28.820531,-81.308636,
2,555,28.820896,-81.309147,
2,556,28.821495,-81.310095,
2,557,28.824319,-81.314614,
2,558,28.825406,-81.316361,
2,559,28.825831,-81.317036,
2,560,28.826088,-81.317507,
2,561,28.826404,-81.318122,
2,562,28.826825,-81.319094,
2,563,28.827055,-81.319629,
2,564,28.827272,-81.320125,
2,565,28.827459,-81.320507,
2,566,28.82761,-81.320824,
2,567,28.827754,-81.321082,
2,568,28.82804,-81.321588,
2,569,28.828688,-81.32263,
2,570,28.828957,-81.323057,
2,571,28.829326,-81.323657,
2,572,28.829748,-81.324317,
2,573,28.830104,-81.324809,
2,574,28.830456,-81.325201,
2,575,28.830674,-81.3254,
2,576,28.831188,-81.325738,
2,577,28.831676,-81.325953,
2,578,28.831893,-81.326042,
2,579,28.83219,-81.326098,
2,580,28.832935,-81.326174,
2,581,28.83328,-81.326151,
2,582,28.833502,-81.326122,
2,583,28.833974,-81.325965,
2,584,28.835139,-81.325587,
2,585,28.836182,-81.325234,
2,586,28.837273,-81.324856,
2,587,28.8385,-81.324439,
2,588,28.839892,-81.323948,
2,589,28.84162,-81.323403,
2,590,28.842043,-81.32332,
2,591,28.842139,-81.323306,
2,592,28.842471,-81.323267,
2,593,28.842785,-81.323233,
2,594,28.84306,-81.323215,
2,595,28.843413,-81.323221,
2,596,28.844128,-81.323238,
2,597,28.845353,-81.323241,
2,598,28.847909,-81.323284,
2,599,28.849043,-81.323302,
2,600,28.851175,-81.323349,
2,601,28.852523,-81.323348,
2,602,28.854511,-81.323384,
2,603,28.854995,-81.323395,
2,604,28.8555557,-81.323365,
2,605,28.8568524,-81.3233864,
2,606,28.8580458,-81.3234293,
2,607,28.8589384,-81.3236225,
2,608,28.8597841,-81.3240409,
2,609,28.8605452,-81.3245773,
2,610,28.8618701,-81.325897,
2,611,28.8663144,-81.3304138,
2,612,28.8697626,-81.3338792,
2,613,28.8716228,-81.3358212,
2,614,28.8723933,-81.3364756,
2,615,28.8729945,-81.3369048,
2,616,28.8739528,-81.3374305,
2,617,28.8749487,-81.3378167,
2,618,28.8762264,-81.3380635,
2,619,28.8775605,-81.3381708,
2,620,28.8824738,-81.3385892,
2,621,28.8881196,-81.3390613,
2,622,28.8905338,-81.3392437,
2,623,28.8933613,-81.3394475,
2,624,28.894263,-81.3395011,
2,625,28.8955029,-81.3394475,
2,626,28.8963859,-81.3393295,
2,627,28.8978136,-81.339072,
2,628,28.8995982,-81.3385463,
2,629,28.9035337,-81.3373232,
2,630,28.9062481,-81.3364971,
2,631,28.9101364,-81.3353062,
2,632,28.913245,-81.334362,
2,633,28.9159309,-81.3335145,
2,634,28.9174523,-81.3330853,
2,635,28.9178655,-81.3330317,
2,636,28.9185041,-81.3329566,
2,637,28.921312,-81.3329244,
2,638,28.9232277,-81.3329351,
2,639,28.9299887,-81.3329029,
2,640,28.9338855,-81.3329136,
2,641,28.934862,-81.3328815,
2,642,28.9362141,-81.3327205,
2,643,28.9380169,-81.332463,
2,644,28.9390403,-81.332345,
2,645,28.9403642,-81.3322914,
2,646,28.9421011,-81.3322806,
2,647,28.9439132,-81.3322592,
2,648,28.9476123,-81.3322484,
2,649,28.9528696,-81.332227,
2,650,28.9574696,-81.332227,
2,651,28.9611401,-81.3322055,
2,652,28.9655707,-81.3322377,
2,653,28.9679268,-81.3322163,
2,654,28.9720755,-81.3321948,
2,655,28.9768436,-81.3322055,
2,656,28.9780638,-81.332227,
2,657,28.9788615,-81.3323236,
2,658,28.9795936,-81.3325059,
2,659,28.9802881,-81.3327742,
2,660,28.9809545,-81.3331282,
2,661,28.9822309,-81.3338256,
2,662,28.9847367,-81.3353491,
2,663,28.9871393,-81.3367975,
2,664,28.9880214,-81.3373232,
2,665,28.9892227,-81.3379991,
2,666,28.991306,-81.3392758,
2,667,28.9934644,-81.340574,
2,668,28.9957729,-81.341958,
2,669,28.9974996,-81.3429987,
2,670,28.9985975,-81.3436639,
2,671,28.9988509,-81.3438249,
2,672,28.9993482,-81.3443077,
2,673,29.0003429,-81.3452411,
2,674,29.0014501,-81.3462603,
2,675,29.0021914,-81.346904,
2,676,29.0030172,-81.3473868,
2,677,29.0039555,-81.3477731,
2,678,29.0052973,-81.3482773,
2,679,29.007005,-81.3488996,
2,680,29.0078495,-81.3492215,
2,681,29.0090411,-81.3496721,
2,682,29.0107206,-81.3502836,
2,683,29.0125972,-81.350981,
2,684,29.0150741,-81.3518178,
2,685,29.0163407,-81.352247,
2,686,29.0181608,-81.3528693,
