trip_id,stop_sequence,stop_id,arrival_time,departure_time,pickup_type,drop_off_type
301,1,2,5:05:30,5:06:00,0,1
301,2,3,5:12:30,5:13:00,0,0
301,3,15,5:18:30,5:19:00,0,0
301,4,4,5:22:30,5:23:00,0,0
301,5,16,5:28:30,5:29:00,0,0
301,6,5,5:35:30,5:36:00,0,0
301,7,6,5:42:30,5:43:00,0,0
301,8,7,5:47:30,5:48:00,0,0
301,9,14,5:50:30,5:51:00,0,0
301,10,8,5:53:30,5:54:00,0,0
301,11,9,6:02:30,6:03:00,0,0
301,12,21,6:08:30,6:09:00,0,0
301,13,22,6:13:30,6:14:00,0,0
301,14,23,6:19:30,6:20:00,0,0
301,15,24,6:28:00,6:28:00,1,0
302,1,24,5:44:30,5:45:00,0,1
302,2,23,5:52:30,5:53:00,0,0
302,3,22,5:59:30,6:00:00,0,0
302,4,21,6:05:30,6:06:00,0,0
302,5,9,6:12:30,6:13:00,0,0
302,6,8,6:19:30,6:20:00,0,0
302,7,14,6:22:30,6:23:00,0,0
302,8,7,6:25:30,6:26:00,0,0
302,9,6,6:31:30,6:32:00,0,0
302,10,5,6:38:30,6:39:00,0,0
302,11,16,6:46:30,6:47:00,0,0
302,12,4,6:52:30,6:53:00,0,0
302,13,15,6:56:30,6:57:00,0,0
302,14,3,7:02:30,7:03:00,0,0
302,15,2,7:09:30,7:10:00,0,0
302,16,17,7:18:00,7:18:00,1,0
303,1,17,5:29:30,5:30:00,0,1
303,2,2,5:35:30,5:36:00,0,0
303,3,3,5:42:30,5:43:00,0,0
303,4,15,5:48:30,5:49:00,0,0
303,5,4,5:52:30,5:53:00,0,0
303,6,16,5:58:30,5:59:00,0,0
303,7,5,6:05:30,6:06:00,0,0
303,8,6,6:12:30,6:13:00,0,0
303,9,7,6:17:30,6:18:00,0,0
303,10,14,6:20:30,6:21:00,0,0
303,11,8,6:23:30,6:24:00,0,0
303,12,9,6:32:30,6:33:00,0,0
303,13,21,6:38:30,6:39:00,0,0
303,14,22,6:43:30,6:44:00,0,0
303,15,23,6:49:30,6:50:00,0,0
303,16,24,6:58:00,6:58:00,1,0
304,1,24,6:14:30,6:15:00,0,1
304,2,23,6:22:30,6:23:00,0,0
304,3,22,6:29:30,6:30:00,0,0
304,4,21,6:35:30,6:36:00,0,0
304,5,9,6:42:30,6:43:00,0,0
304,6,8,6:49:30,6:50:00,0,0
304,7,14,6:52:30,6:53:00,0,0
304,8,7,6:55:30,6:56:00,0,0
304,9,6,7:01:30,7:02:00,0,0
304,10,5,7:08:30,7:09:00,0,0
304,11,16,7:16:30,7:17:00,0,0
304,12,4,7:22:30,7:23:00,0,0
304,13,15,7:26:30,7:27:00,0,0
304,14,3,7:32:30,7:33:00,0,0
304,15,2,7:39:30,7:40:00,0,0
304,16,17,7:48:00,7:48:00,1,0
305,1,17,5:59:30,6:00:00,0,1
305,2,2,6:05:30,6:06:00,0,0
305,3,3,6:12:30,6:13:00,0,0
305,4,15,6:18:30,6:19:00,0,0
305,5,4,6:22:30,6:23:00,0,0
305,6,16,6:28:30,6:29:00,0,0
305,7,5,6:35:30,6:36:00,0,0
305,8,6,6:42:30,6:43:00,0,0
305,9,7,6:47:30,6:48:00,0,0
305,10,14,6:50:30,6:51:00,0,0
305,11,8,6:53:30,6:54:00,0,0
305,12,9,7:02:30,7:03:00,0,0
305,13,21,7:08:30,7:09:00,0,0
305,14,22,7:13:30,7:14:00,0,0
305,15,23,7:19:30,7:20:00,0,0
305,16,24,7:28:00,7:28:00,1,0
306,1,24,6:44:30,6:45:00,0,1
306,2,23,6:52:30,6:53:00,0,0
306,3,22,6:59:30,7:00:00,0,0
306,4,21,7:05:30,7:06:00,0,0
306,5,9,7:12:30,7:13:00,0,0
306,6,8,7:19:30,7:20:00,0,0
306,7,14,7:22:30,7:23:00,0,0
306,8,7,7:25:30,7:26:00,0,0
306,9,6,7:31:30,7:32:00,0,0
306,10,5,7:38:30,7:39:00,0,0
306,11,16,7:46:30,7:47:00,0,0
306,12,4,7:52:30,7:53:00,0,0
306,13,15,7:56:30,7:57:00,0,0
306,14,3,8:02:30,8:03:00,0,0
306,15,2,8:09:30,8:10:00,0,0
306,16,17,8:18:00,8:18:00,1,0
307,1,17,6:29:30,6:30:00,0,1
307,2,2,6:35:30,6:36:00,0,0
307,3,3,6:42:30,6:43:00,0,0
307,4,15,6:48:30,6:49:00,0,0
307,5,4,6:52:30,6:53:00,0,0
307,6,16,6:58:30,6:59:00,0,0
307,7,5,7:05:30,7:06:00,0,0
307,8,6,7:12:30,7:13:00,0,0
307,9,7,7:17:30,7:18:00,0,0
307,10,14,7:20:30,7:21:00,0,0
307,11,8,7:23:30,7:24:00,0,0
307,12,9,7:32:30,7:33:00,0,0
307,13,21,7:38:30,7:39:00,0,0
307,14,22,7:43:30,7:44:00,0,0
307,15,23,7:49:30,7:50:00,0,0
307,16,24,7:58:00,7:58:00,1,0
308,1,24,7:14:30,7:15:00,0,1
308,2,23,7:22:30,7:23:00,0,0
308,3,22,7:29:30,7:30:00,0,0
308,4,21,7:35:30,7:36:00,0,0
308,5,9,7:42:30,7:43:00,0,0
308,6,8,7:49:30,7:50:00,0,0
308,7,14,7:52:30,7:53:00,0,0
308,8,7,7:55:30,7:56:00,0,0
308,9,6,8:01:30,8:02:00,0,0
308,10,5,8:08:30,8:09:00,0,0
308,11,16,8:16:30,8:17:00,0,0
308,12,4,8:22:30,8:23:00,0,0
308,13,15,8:26:30,8:27:00,0,0
308,14,3,8:32:30,8:33:00,0,0
308,15,2,8:39:30,8:40:00,0,0
308,16,17,8:48:00,8:48:00,1,0
309,1,17,6:59:30,7:00:00,0,1
309,2,2,7:05:30,7:06:00,0,0
309,3,3,7:12:30,7:13:00,0,0
309,4,15,7:18:30,7:19:00,0,0
309,5,4,7:22:30,7:23:00,0,0
309,6,16,7:28:30,7:29:00,0,0
309,7,5,7:35:30,7:36:00,0,0
309,8,6,7:42:30,7:43:00,0,0
309,9,7,7:47:30,7:48:00,0,0
309,10,14,7:50:30,7:51:00,0,0
309,11,8,7:53:30,7:54:00,0,0
309,12,9,8:02:30,8:03:00,0,0
309,13,21,8:08:30,8:09:00,0,0
309,14,22,8:13:30,8:14:00,0,0
309,15,23,8:19:30,8:20:00,0,0
309,16,24,8:28:00,8:28:00,1,0
310,1,24,7:44:30,7:45:00,0,1
310,2,23,7:52:30,7:53:00,0,0
310,3,22,7:59:30,8:00:00,0,0
310,4,21,8:05:30,8:06:00,0,0
310,5,9,8:12:30,8:13:00,0,0
310,6,8,8:19:30,8:20:00,0,0
310,7,14,8:22:30,8:23:00,0,0
310,8,7,8:25:30,8:26:00,0,0
310,9,6,8:31:30,8:32:00,0,0
310,10,5,8:38:30,8:39:00,0,0
310,11,16,8:46:30,8:47:00,0,0
310,12,4,8:52:30,8:53:00,0,0
310,13,15,8:56:30,8:57:00,0,0
310,14,3,9:02:30,9:03:00,0,0
310,15,2,9:09:30,9:10:00,0,0
310,16,17,9:18:00,9:18:00,1,0
311,1,17,7:29:30,7:30:00,0,1
311,2,2,7:35:30,7:36:00,0,0
311,3,3,7:42:30,7:43:00,0,0
311,4,15,7:48:30,7:49:00,0,0
311,5,4,7:52:30,7:53:00,0,0
311,6,16,7:58:30,7:59:00,0,0
311,7,5,8:05:30,8:06:00,0,0
311,8,6,8:12:30,8:13:00,0,0
311,9,7,8:17:30,8:18:00,0,0
311,10,14,8:20:30,8:21:00,0,0
311,11,8,8:23:30,8:24:00,0,0
311,12,9,8:32:30,8:33:00,0,0
311,13,21,8:38:30,8:39:00,0,0
311,14,22,8:43:30,8:44:00,0,0
311,15,23,8:49:30,8:50:00,0,0
311,16,24,8:58:00,8:58:00,1,0
312,1,24,8:14:30,8:15:00,0,1
312,2,23,8:22:30,8:23:00,0,0
312,3,22,8:29:30,8:30:00,0,0
312,4,21,8:35:30,8:36:00,0,0
312,5,9,8:42:30,8:43:00,0,0
312,6,8,8:49:30,8:50:00,0,0
312,7,14,8:52:30,8:53:00,0,0
312,8,7,8:55:30,8:56:00,0,0
312,9,6,9:01:30,9:02:00,0,0
312,10,5,9:08:30,9:09:00,0,0
312,11,16,9:16:30,9:17:00,0,0
312,12,4,9:22:30,9:23:00,0,0
312,13,15,9:26:30,9:27:00,0,0
312,14,3,9:32:30,9:33:00,0,0
312,15,2,9:39:30,9:40:00,0,0
312,16,17,9:48:00,9:48:00,1,0
313,1,17,7:59:30,8:00:00,0,1
313,2,2,8:05:30,8:06:00,0,0
313,3,3,8:12:30,8:13:00,0,0
313,4,15,8:18:30,8:19:00,0,0
313,5,4,8:22:30,8:23:00,0,0
313,6,16,8:28:30,8:29:00,0,0
313,7,5,8:35:30,8:36:00,0,0
313,8,6,8:42:30,8:43:00,0,0
313,9,7,8:47:30,8:48:00,0,0
313,10,14,8:50:30,8:51:00,0,0
313,11,8,8:53:30,8:54:00,0,0
313,12,9,9:02:30,9:03:00,0,0
313,13,21,9:08:30,9:09:00,0,0
313,14,22,9:13:30,9:14:00,0,0
313,15,23,9:19:30,9:20:00,0,0
313,16,24,9:28:00,9:28:00,1,0
314,1,24,8:44:30,8:45:00,0,1
314,2,23,8:52:30,8:53:00,0,0
314,3,22,8:59:30,9:00:00,0,0
314,4,21,9:05:30,9:06:00,0,0
314,5,9,9:12:30,9:13:00,0,0
314,6,8,9:19:30,9:20:00,0,0
314,7,14,9:22:30,9:23:00,0,0
314,8,7,9:25:30,9:26:00,0,0
314,9,6,9:31:30,9:32:00,0,0
314,10,5,9:38:30,9:39:00,0,0
314,11,16,9:46:30,9:47:00,0,0
314,12,4,9:52:30,9:53:00,0,0
314,13,15,9:56:30,9:57:00,0,0
314,14,3,10:02:30,10:03:00,0,0
314,15,2,10:09:30,10:10:00,0,0
314,16,17,10:18:00,10:18:00,1,0
315,1,17,8:59:30,9:00:00,0,1
315,2,2,9:05:30,9:06:00,0,0
315,3,3,9:12:30,9:13:00,0,0
315,4,15,9:18:30,9:19:00,0,0
315,5,4,9:22:30,9:23:00,0,0
315,6,16,9:28:30,9:29:00,0,0
315,7,5,9:35:30,9:36:00,0,0
315,8,6,9:42:30,9:43:00,0,0
315,9,7,9:47:30,9:48:00,0,0
315,10,14,9:50:30,9:51:00,0,0
315,11,8,9:53:30,9:54:00,0,0
315,12,9,10:02:30,10:03:00,0,0
315,13,21,10:08:30,10:09:00,0,0
315,14,22,10:13:30,10:14:00,0,0
315,15,23,10:19:30,10:20:00,0,0
315,16,24,10:28:00,10:28:00,1,0
316,1,24,10:44:30,10:45:00,0,1
316,2,23,10:52:30,10:53:00,0,0
316,3,22,10:59:30,11:00:00,0,0
316,4,21,11:05:30,11:06:00,0,0
316,5,9,11:12:30,11:13:00,0,0
316,6,8,11:19:30,11:20:00,0,0
316,7,14,11:22:30,11:23:00,0,0
316,8,7,11:25:30,11:26:00,0,0
316,9,6,11:31:30,11:32:00,0,0
316,10,5,11:38:30,11:39:00,0,0
316,11,16,11:46:30,11:47:00,0,0
316,12,4,11:52:30,11:53:00,0,0
316,13,15,11:56:30,11:57:00,0,0
316,14,3,12:02:30,12:03:00,0,0
316,15,2,12:09:30,12:10:00,0,0
316,16,17,12:18:00,12:18:00,1,0
317,1,17,9:59:30,10:00:00,0,1
317,2,2,10:05:30,10:06:00,0,0
317,3,3,10:12:30,10:13:00,0,0
317,4,15,10:18:30,10:19:00,0,0
317,5,4,10:22:30,10:23:00,0,0
317,6,16,10:28:30,10:29:00,0,0
317,7,5,10:35:30,10:36:00,0,0
317,8,6,10:42:30,10:43:00,0,0
317,9,7,10:47:30,10:48:00,0,0
317,10,14,10:50:30,10:51:00,0,0
317,11,8,10:53:30,10:54:00,0,0
317,12,9,11:02:30,11:03:00,0,0
317,13,21,11:08:30,11:09:00,0,0
317,14,22,11:13:30,11:14:00,0,0
317,15,23,11:19:30,11:20:00,0,0
317,16,24,11:28:00,11:28:00,1,0
318,1,24,12:14:30,12:15:00,0,1
318,2,23,12:22:30,12:23:00,0,0
318,3,22,12:28:30,12:29:00,0,0
318,4,21,12:33:30,12:34:00,0,0
318,5,9,12:39:30,12:40:00,0,0
318,6,8,12:46:30,12:47:00,0,0
318,7,14,12:49:30,12:50:00,0,0
318,8,7,12:52:30,12:53:00,0,0
318,9,6,12:58:30,12:59:00,0,0
318,10,5,13:05:30,13:06:00,0,0
318,11,16,13:12:30,13:13:00,0,0
318,12,4,13:17:30,13:18:00,0,0
318,13,15,13:21:30,13:22:00,0,0
318,14,3,13:27:30,13:28:00,0,0
318,15,2,13:34:30,13:35:00,0,0
318,16,17,13:43:00,13:43:00,1,0
319,1,17,11:29:30,11:30:00,0,1
319,2,2,11:35:30,11:36:00,0,0
319,3,3,11:42:30,11:43:00,0,0
319,4,15,11:48:30,11:49:00,0,0
319,5,4,11:52:30,11:53:00,0,0
319,6,16,11:58:30,11:59:00,0,0
319,7,5,12:05:30,12:06:00,0,0
319,8,6,12:12:30,12:13:00,0,0
319,9,7,12:17:30,12:18:00,0,0
319,10,14,12:20:30,12:21:00,0,0
319,11,8,12:23:30,12:24:00,0,0
319,12,9,12:32:30,12:33:00,0,0
319,13,21,12:38:30,12:39:00,0,0
319,14,22,12:43:30,12:44:00,0,0
319,15,23,12:49:30,12:50:00,0,0
319,16,24,12:58:00,12:58:00,1,0
320,1,24,13:14:30,13:15:00,0,1
320,2,23,13:22:30,13:23:00,0,0
320,3,22,13:28:30,13:29:00,0,0
320,4,21,13:33:30,13:34:00,0,0
320,5,9,13:39:30,13:40:00,0,0
320,6,8,13:46:30,13:47:00,0,0
320,7,14,13:49:30,13:50:00,0,0
320,8,7,13:52:30,13:53:00,0,0
320,9,6,13:58:30,13:59:00,0,0
320,10,5,14:05:30,14:06:00,0,0
320,11,16,14:12:30,14:13:00,0,0
320,12,4,14:17:30,14:18:00,0,0
320,13,15,14:21:30,14:22:00,0,0
320,14,3,14:27:30,14:28:00,0,0
320,15,2,14:34:30,14:35:00,0,0
320,16,17,14:43:00,14:43:00,1,0
321,1,17,12:29:30,12:30:00,0,1
321,2,2,12:35:30,12:36:00,0,0
321,3,3,12:42:30,12:43:00,0,0
321,4,15,12:48:30,12:49:00,0,0
321,5,4,12:52:30,12:53:00,0,0
321,6,16,12:58:30,12:59:00,0,0
321,7,5,13:05:30,13:06:00,0,0
321,8,6,13:12:30,13:13:00,0,0
321,9,7,13:17:30,13:18:00,0,0
321,10,14,13:20:30,13:21:00,0,0
321,11,8,13:23:30,13:24:00,0,0
321,12,9,13:32:30,13:33:00,0,0
321,13,21,13:38:30,13:39:00,0,0
321,14,22,13:43:30,13:44:00,0,0
321,15,23,13:49:30,13:50:00,0,0
321,16,24,13:58:00,13:58:00,1,0
322,1,24,14:14:30,14:15:00,0,1
322,2,23,14:22:30,14:23:00,0,0
322,3,22,14:29:30,14:30:00,0,0
322,4,21,14:35:30,14:36:00,0,0
322,5,9,14:42:30,14:43:00,0,0
322,6,8,14:49:30,14:50:00,0,0
322,7,14,14:52:30,14:53:00,0,0
322,8,7,14:55:30,14:56:00,0,0
322,9,6,15:01:30,15:02:00,0,0
322,10,5,15:08:30,15:09:00,0,0
322,11,16,15:16:30,15:17:00,0,0
322,12,4,15:22:30,15:23:00,0,0
322,13,15,15:26:30,15:27:00,0,0
322,14,3,15:32:30,15:33:00,0,0
322,15,2,15:39:30,15:40:00,0,0
322,16,17,15:48:00,15:48:00,1,0
323,1,17,13:29:30,13:30:00,0,1
323,2,2,13:35:30,13:36:00,0,0
323,3,3,13:42:30,13:43:00,0,0
323,4,15,13:48:30,13:49:00,0,0
323,5,4,13:52:30,13:53:00,0,0
323,6,16,13:58:30,13:59:00,0,0
323,7,5,14:05:30,14:06:00,0,0
323,8,6,14:12:30,14:13:00,0,0
323,9,7,14:17:30,14:18:00,0,0
323,10,14,14:20:30,14:21:00,0,0
323,11,8,14:23:30,14:24:00,0,0
323,12,9,14:32:30,14:33:00,0,0
323,13,21,14:38:30,14:39:00,0,0
323,14,22,14:43:30,14:44:00,0,0
323,15,23,14:49:30,14:50:00,0,0
323,16,24,14:58:00,14:58:00,1,0
324,1,24,15:14:30,15:15:00,0,1
324,2,23,15:22:30,15:23:00,0,0
324,3,22,15:29:30,15:30:00,0,0
324,4,21,15:35:30,15:36:00,0,0
324,5,9,15:42:30,15:43:00,0,0
324,6,8,15:49:30,15:50:00,0,0
324,7,14,15:52:30,15:53:00,0,0
324,8,7,15:55:30,15:56:00,0,0
324,9,6,16:01:30,16:02:00,0,0
324,10,5,16:08:30,16:09:00,0,0
324,11,16,16:16:30,16:17:00,0,0
324,12,4,16:22:30,16:23:00,0,0
324,13,15,16:26:30,16:27:00,0,0
324,14,3,16:32:30,16:33:00,0,0
324,15,2,16:39:30,16:40:00,0,0
324,16,17,16:48:00,16:48:00,1,0
325,1,17,14:59:30,15:00:00,0,1
325,2,2,15:05:30,15:06:00,0,0
325,3,3,15:12:30,15:13:00,0,0
325,4,15,15:18:30,15:19:00,0,0
325,5,4,15:22:30,15:23:00,0,0
325,6,16,15:28:30,15:29:00,0,0
325,7,5,15:35:30,15:36:00,0,0
325,8,6,15:42:30,15:43:00,0,0
325,9,7,15:47:30,15:48:00,0,0
325,10,14,15:50:30,15:51:00,0,0
325,11,8,15:53:30,15:54:00,0,0
325,12,9,16:02:30,16:03:00,0,0
325,13,21,16:08:30,16:09:00,0,0
325,14,22,16:13:30,16:14:00,0,0
325,15,23,16:19:30,16:20:00,0,0
325,16,24,16:28:00,16:28:00,1,0
326,1,24,15:44:30,15:45:00,0,1
326,2,23,15:52:30,15:53:00,0,0
326,3,22,15:59:30,16:00:00,0,0
326,4,21,16:05:30,16:06:00,0,0
326,5,9,16:12:30,16:13:00,0,0
326,6,8,16:19:30,16:20:00,0,0
326,7,14,16:22:30,16:23:00,0,0
326,8,7,16:25:30,16:26:00,0,0
326,9,6,16:31:30,16:32:00,0,0
326,10,5,16:38:30,16:39:00,0,0
326,11,16,16:46:30,16:47:00,0,0
326,12,4,16:52:30,16:53:00,0,0
326,13,15,16:56:30,16:57:00,0,0
326,14,3,17:02:30,17:03:00,0,0
326,15,2,17:09:30,17:10:00,0,0
326,16,17,17:18:00,17:18:00,1,0
327,1,17,15:29:30,15:30:00,0,1
327,2,2,15:35:30,15:36:00,0,0
327,3,3,15:42:30,15:43:00,0,0
327,4,15,15:48:30,15:49:00,0,0
327,5,4,15:52:30,15:53:00,0,0
327,6,16,15:58:30,15:59:00,0,0
327,7,5,16:05:30,16:06:00,0,0
327,8,6,16:12:30,16:13:00,0,0
327,9,7,16:17:30,16:18:00,0,0
327,10,14,16:20:30,16:21:00,0,0
327,11,8,16:23:30,16:24:00,0,0
327,12,9,16:32:30,16:33:00,0,0
327,13,21,16:38:30,16:39:00,0,0
327,14,22,16:43:30,16:44:00,0,0
327,15,23,16:49:30,16:50:00,0,0
327,16,24,16:58:00,16:58:00,1,0
328,1,24,16:14:30,16:15:00,0,1
328,2,23,16:22:30,16:23:00,0,0
328,3,22,16:29:30,16:30:00,0,0
328,4,21,16:35:30,16:36:00,0,0
328,5,9,16:42:30,16:43:00,0,0
328,6,8,16:49:30,16:50:00,0,0
328,7,14,16:52:30,16:53:00,0,0
328,8,7,16:55:30,16:56:00,0,0
328,9,6,17:01:30,17:02:00,0,0
328,10,5,17:08:30,17:09:00,0,0
328,11,16,17:16:30,17:17:00,0,0
328,12,4,17:22:30,17:23:00,0,0
328,13,15,17:26:30,17:27:00,0,0
328,14,3,17:32:30,17:33:00,0,0
328,15,2,17:39:30,17:40:00,0,0
328,16,17,17:48:00,17:48:00,1,0
329,1,17,15:59:30,16:00:00,0,1
329,2,2,16:05:30,16:06:00,0,0
329,3,3,16:12:30,16:13:00,0,0
329,4,15,16:18:30,16:19:00,0,0
329,5,4,16:22:30,16:23:00,0,0
329,6,16,16:28:30,16:29:00,0,0
329,7,5,16:35:30,16:36:00,0,0
329,8,6,16:42:30,16:43:00,0,0
329,9,7,16:47:30,16:48:00,0,0
329,10,14,16:50:30,16:51:00,0,0
329,11,8,16:53:30,16:54:00,0,0
329,12,9,17:02:30,17:03:00,0,0
329,13,21,17:08:30,17:09:00,0,0
329,14,22,17:13:30,17:14:00,0,0
329,15,23,17:19:30,17:20:00,0,0
329,16,24,17:28:00,17:28:00,1,0
330,1,24,16:44:30,16:45:00,0,1
330,2,23,16:52:30,16:53:00,0,0
330,3,22,16:59:30,17:00:00,0,0
330,4,21,17:05:30,17:06:00,0,0
330,5,9,17:12:30,17:13:00,0,0
330,6,8,17:19:30,17:20:00,0,0
330,7,14,17:22:30,17:23:00,0,0
330,8,7,17:25:30,17:26:00,0,0
330,9,6,17:31:30,17:32:00,0,0
330,10,5,17:38:30,17:39:00,0,0
330,11,16,17:46:30,17:47:00,0,0
330,12,4,17:52:30,17:53:00,0,0
330,13,15,17:56:30,17:57:00,0,0
330,14,3,18:02:30,18:03:00,0,0
330,15,2,18:09:30,18:10:00,0,0
330,16,17,18:18:00,18:18:00,1,0
331,1,17,16:29:30,16:30:00,0,1
331,2,2,16:35:30,16:36:00,0,0
331,3,3,16:42:30,16:43:00,0,0
331,4,15,16:48:30,16:49:00,0,0
331,5,4,16:52:30,16:53:00,0,0
331,6,16,16:58:30,16:59:00,0,0
331,7,5,17:05:30,17:06:00,0,0
331,8,6,17:12:30,17:13:00,0,0
331,9,7,17:17:30,17:18:00,0,0
331,10,14,17:20:30,17:21:00,0,0
331,11,8,17:23:30,17:24:00,0,0
331,12,9,17:32:30,17:33:00,0,0
331,13,21,17:38:30,17:39:00,0,0
331,14,22,17:43:30,17:44:00,0,0
331,15,23,17:49:30,17:50:00,0,0
331,16,24,17:58:00,17:58:00,1,0
332,1,24,17:24:30,17:25:00,0,1
332,2,23,17:32:30,17:33:00,0,0
332,3,22,17:38:30,17:39:00,0,0
332,4,21,17:43:30,17:44:00,0,0
332,5,9,17:49:30,17:50:00,0,0
332,6,8,17:56:30,17:57:00,0,0
332,7,14,17:59:30,18:00:00,0,0
332,8,7,18:02:30,18:03:00,0,0
332,9,6,18:08:30,18:09:00,0,0
332,10,5,18:15:30,18:16:00,0,0
332,11,16,18:22:30,18:23:00,0,0
332,12,4,18:27:30,18:28:00,0,0
332,13,15,18:31:30,18:32:00,0,0
332,14,3,18:37:30,18:38:00,0,0
332,15,2,18:44:30,18:45:00,0,0
332,16,17,18:53:00,18:53:00,1,0
333,1,17,16:59:30,17:00:00,0,1
333,2,2,17:05:30,17:06:00,0,0
333,3,3,17:12:30,17:13:00,0,0
333,4,15,17:18:30,17:19:00,0,0
333,5,4,17:22:30,17:23:00,0,0
333,6,16,17:28:30,17:29:00,0,0
333,7,5,17:35:30,17:36:00,0,0
333,8,6,17:42:30,17:43:00,0,0
333,9,7,17:47:30,17:48:00,0,0
333,10,14,17:50:30,17:51:00,0,0
333,11,8,17:53:30,17:54:00,0,0
333,12,9,18:02:30,18:03:00,0,0
333,13,21,18:08:30,18:09:00,0,0
333,14,22,18:13:30,18:14:00,0,0
333,15,23,18:19:30,18:20:00,0,0
333,16,24,18:28:00,18:28:00,1,0
334,1,24,17:54:30,17:55:00,0,1
334,2,23,18:02:30,18:03:00,0,0
334,3,22,18:08:30,18:09:00,0,0
334,4,21,18:13:30,18:14:00,0,0
334,5,9,18:19:30,18:20:00,0,0
334,6,8,18:26:30,18:27:00,0,0
334,7,14,18:29:30,18:30:00,0,0
334,8,7,18:32:30,18:33:00,0,0
334,9,6,18:38:30,18:39:00,0,0
334,10,5,18:45:30,18:46:00,0,0
334,11,16,18:52:30,18:53:00,0,0
334,12,4,18:57:30,18:58:00,0,0
334,13,15,19:01:30,19:02:00,0,0
334,14,3,19:07:30,19:08:00,0,0
334,15,2,19:14:30,19:15:00,0,0
334,16,17,19:23:00,19:23:00,1,0
335,1,17,17:29:30,17:30:00,0,1
335,2,2,17:35:30,17:36:00,0,0
335,3,3,17:42:30,17:43:00,0,0
335,4,15,17:48:30,17:49:00,0,0
335,5,4,17:52:30,17:53:00,0,0
335,6,16,17:58:30,17:59:00,0,0
335,7,5,18:05:30,18:06:00,0,0
335,8,6,18:12:30,18:13:00,0,0
335,9,7,18:17:30,18:18:00,0,0
335,10,14,18:20:30,18:21:00,0,0
335,11,8,18:23:30,18:24:00,0,0
335,12,9,18:32:30,18:33:00,0,0
335,13,21,18:38:30,18:39:00,0,0
335,14,22,18:43:30,18:44:00,0,0
335,15,23,18:49:30,18:50:00,0,0
335,16,24,18:58:00,18:58:00,1,0
336,1,24,18:24:30,18:25:00,0,1
336,2,23,18:32:30,18:33:00,0,0
336,3,22,18:38:30,18:39:00,0,0
336,4,21,18:43:30,18:44:00,0,0
336,5,9,18:49:30,18:50:00,0,0
336,6,8,18:56:30,18:57:00,0,0
336,7,14,18:59:30,19:00:00,0,0
336,8,7,19:02:30,19:03:00,0,0
336,9,6,19:08:30,19:09:00,0,0
336,10,5,19:15:30,19:16:00,0,0
336,11,16,19:22:30,19:23:00,0,0
336,12,4,19:27:30,19:28:00,0,0
336,13,15,19:31:30,19:32:00,0,0
336,14,3,19:37:30,19:38:00,0,0
336,15,2,19:44:30,19:45:00,0,0
336,16,17,19:53:00,19:53:00,1,0
337,1,17,18:49:30,18:50:00,0,1
337,2,2,18:55:30,18:56:00,0,0
337,3,3,19:02:30,19:03:00,0,0
337,4,15,19:08:30,19:09:00,0,0
337,5,4,19:12:30,19:13:00,0,0
337,6,16,19:18:30,19:19:00,0,0
337,7,5,19:25:30,19:26:00,0,0
337,8,6,19:42:30,19:43:00,0,0
337,9,7,19:47:30,19:48:00,0,0
337,10,14,19:50:30,19:51:00,0,0
337,11,8,19:53:30,19:54:00,0,0
337,12,9,20:02:30,20:03:00,0,0
337,13,21,20:08:30,20:09:00,0,0
337,14,22,20:13:30,20:14:00,0,0
337,15,23,20:19:30,20:20:00,0,0
337,16,24,20:28:00,20:28:00,1,0
338,1,24,19:24:30,19:25:00,0,1
338,2,23,19:32:30,19:33:00,0,0
338,3,22,19:38:30,19:39:00,0,0
338,4,21,19:43:30,19:44:00,0,0
338,5,9,19:49:30,19:50:00,0,0
338,6,8,19:56:30,19:57:00,0,0
338,7,14,19:59:30,20:00:00,0,0
338,8,7,20:02:30,20:03:00,0,0
338,9,6,20:08:30,20:09:00,0,0
338,10,5,20:15:30,20:16:00,0,0
338,11,16,20:22:30,20:23:00,0,0
338,12,4,20:27:30,20:28:00,0,0
338,13,15,20:31:30,20:32:00,0,0
338,14,3,20:37:30,20:38:00,0,0
338,15,2,20:44:30,20:45:00,0,0
338,16,17,20:53:00,20:53:00,1,0
339,1,17,20:09:30,20:10:00,0,1
339,2,2,20:15:30,20:16:00,0,0
339,3,3,20:22:30,20:23:00,0,0
339,4,15,20:28:30,20:29:00,0,0
339,5,4,20:32:30,20:33:00,0,0
339,6,16,20:38:30,20:39:00,0,0
339,7,5,20:45:30,20:46:00,0,0
339,8,6,20:52:30,20:53:00,0,0
339,9,7,21:02:30,21:03:00,0,0
339,10,14,21:05:30,21:06:00,0,0
339,11,8,21:08:30,21:09:00,0,0
339,12,9,21:17:30,21:18:00,0,0
339,13,21,21:23:30,21:24:00,0,0
339,14,22,21:28:30,21:29:00,0,0
339,15,23,21:34:30,21:35:00,0,0
339,16,24,21:43:00,21:43:00,1,0
340,1,24,21:54:30,21:55:00,0,1
340,2,23,22:02:30,22:03:00,0,0
340,3,22,22:08:30,22:09:00,0,0
340,4,21,22:13:30,22:14:00,0,0
340,5,9,22:19:30,22:20:00,0,0
340,6,8,22:26:30,22:27:00,0,0
340,7,14,22:29:30,22:30:00,0,0
340,8,7,22:32:30,22:33:00,0,0
340,9,6,22:38:30,22:39:00,0,0
340,10,5,22:45:30,22:46:00,0,0
340,11,16,22:52:30,22:53:00,0,0
340,12,4,22:57:30,22:58:00,0,0
340,13,15,23:01:30,23:02:00,0,0
340,14,3,23:07:30,23:08:00,0,0
340,15,2,23:14:30,23:15:00,0,0
340,16,17,23:23:00,23:23:00,1,0
341,1,14,22:29:30,22:30:00,0,1
341,2,8,22:32:30,22:33:00,0,0
341,3,9,22:41:30,22:42:00,0,0
341,4,21,22:47:30,22:48:00,0,0
341,5,22,22:52:30,22:53:00,0,0
341,6,23,22:58:30,22:59:00,0,0
341,7,24,23:07:00,23:07:00,1,0
342,1,14,21:14:30,21:15:00,0,1
342,2,7,21:17:30,21:18:00,0,0
342,3,6,21:23:30,21:24:00,0,0
342,4,5,21:30:30,21:31:00,0,0
342,5,16,21:37:30,21:38:00,0,0
342,6,4,21:42:30,21:43:00,0,0
342,7,15,21:46:30,21:47:00,0,0
342,8,3,21:52:30,21:53:00,0,0
342,9,2,21:59:30,22:00:00,0,0
342,10,17,22:08:00,22:08:00,1,0
343,1,17,21:29:30,21:30:00,0,1
343,2,2,21:35:30,21:36:00,0,0
343,3,3,21:42:30,21:43:00,0,0
343,4,15,21:48:30,21:49:00,0,0
343,5,4,21:52:30,21:53:00,0,0
343,6,16,21:58:30,21:59:00,0,0
343,7,5,22:05:30,22:06:00,0,0
343,8,6,22:12:30,22:13:00,0,0
343,9,7,22:17:30,22:18:00,0,0
343,10,14,22:29:30,22:30:00,0,0
343,11,8,22:32:30,22:33:00,0,0
343,12,9,22:41:30,22:42:00,0,0
343,13,21,22:47:30,22:48:00,0,0
343,14,22,22:52:30,22:53:00,0,0
343,15,23,22:58:30,22:59:00,0,0
343,16,24,23:07:00,23:07:00,1,0
401,1,17,13:59:30,14:00:00,0,1
401,2,2,14:05:30,14:06:00,0,0
401,3,3,14:12:30,14:13:00,0,0
401,4,15,14:18:30,14:19:00,0,0
401,5,4,14:22:30,14:23:00,0,0
401,6,16,14:28:30,14:29:00,0,0
401,7,5,14:35:30,14:36:00,0,0
401,8,6,14:42:30,14:43:00,0,0
401,9,7,14:47:30,14:48:00,0,0
401,10,14,14:50:30,14:51:00,0,0
401,11,8,14:53:30,14:54:00,0,0
401,12,9,15:02:30,15:03:00,0,0
401,13,21,15:08:30,15:09:00,0,0
401,14,22,15:13:30,15:14:00,0,0
401,15,23,15:19:30,15:20:00,0,0
401,16,24,15:28:00,15:28:00,1,0
402,1,24,15:59:30,16:00:00,0,1
402,2,23,16:07:30,16:08:00,0,0
402,3,22,16:14:30,16:15:00,0,0
402,4,21,16:20:30,16:21:00,0,0
402,5,9,16:27:30,16:28:00,0,0
402,6,8,16:34:30,16:35:00,0,0
402,7,14,16:37:30,16:38:00,0,0
402,8,7,16:40:30,16:41:00,0,0
402,9,6,16:46:30,16:47:00,0,0
402,10,5,16:53:30,16:54:00,0,0
402,11,16,17:00:30,17:01:00,0,0
402,12,4,17:05:30,17:06:00,0,0
402,13,15,17:09:30,17:10:00,0,0
402,14,3,17:15:30,17:16:00,0,0
402,15,2,17:22:30,17:23:00,0,0
402,16,17,17:31:00,17:31:00,1,0
403,1,17,14:59:30,15:00:00,0,1
403,2,2,15:05:30,15:06:00,0,0
403,3,3,15:12:30,15:13:00,0,0
403,4,15,15:18:30,15:19:00,0,0
403,5,4,15:22:30,15:23:00,0,0
403,6,16,15:28:30,15:29:00,0,0
403,7,5,15:35:30,15:36:00,0,0
403,8,6,15:42:30,15:43:00,0,0
403,9,7,15:47:30,15:48:00,0,0
403,10,14,15:50:30,15:51:00,0,0
403,11,8,15:53:30,15:54:00,0,0
403,12,9,16:02:30,16:03:00,0,0
403,13,21,16:08:30,16:09:00,0,0
403,14,22,16:13:30,16:14:00,0,0
403,15,23,16:19:30,16:20:00,0,0
403,16,24,16:28:00,16:28:00,1,0
404,1,24,16:59:30,17:00:00,0,1
404,2,23,17:07:30,17:08:00,0,0
404,3,22,17:14:30,17:15:00,0,0
404,4,21,17:20:30,17:21:00,0,0
404,5,9,17:27:30,17:28:00,0,0
404,6,8,17:34:30,17:35:00,0,0
404,7,14,17:37:30,17:38:00,0,0
404,8,7,17:40:30,17:41:00,0,0
404,9,6,17:46:30,17:47:00,0,0
404,10,5,17:53:30,17:54:00,0,0
404,11,16,18:00:30,18:01:00,0,0
404,12,4,18:05:30,18:06:00,0,0
404,13,15,18:09:30,18:10:00,0,0
404,14,3,18:15:30,18:16:00,0,0
404,15,2,18:22:30,18:23:00,0,0
404,16,17,18:31:00,18:31:00,1,0
405,1,17,15:59:30,16:00:00,0,1
405,2,2,16:05:30,16:06:00,0,0
405,3,3,16:12:30,16:13:00,0,0
405,4,15,16:18:30,16:19:00,0,0
405,5,4,16:22:30,16:23:00,0,0
405,6,16,16:28:30,16:29:00,0,0
405,7,5,16:35:30,16:36:00,0,0
405,8,6,16:42:30,16:43:00,0,0
405,9,7,16:47:30,16:48:00,0,0
405,10,14,16:50:30,16:51:00,0,0
405,11,8,16:53:30,16:54:00,0,0
405,12,9,17:02:30,17:03:00,0,0
405,13,21,17:08:30,17:09:00,0,0
405,14,22,17:13:30,17:14:00,0,0
405,15,23,17:19:30,17:20:00,0,0
405,16,24,17:28:00,17:28:00,1,0
406,1,24,17:59:30,18:00:00,0,1
406,2,23,18:07:30,18:08:00,0,0
406,3,22,18:14:30,18:15:00,0,0
406,4,21,18:20:30,18:21:00,0,0
406,5,9,18:27:30,18:28:00,0,0
406,6,8,18:34:30,18:35:00,0,0
406,7,14,18:37:30,18:38:00,0,0
406,8,7,18:40:30,18:41:00,0,0
406,9,6,18:46:30,18:47:00,0,0
406,10,5,18:53:30,18:54:00,0,0
406,11,16,19:00:30,19:01:00,0,0
406,12,4,19:05:30,19:06:00,0,0
406,13,15,19:09:30,19:10:00,0,0
406,14,3,19:15:30,19:16:00,0,0
406,15,2,19:22:30,19:23:00,0,0
406,16,17,19:31:00,19:31:00,1,0
407,1,17,16:59:30,17:00:00,0,1
407,2,2,17:05:30,17:06:00,0,0
407,3,3,17:12:30,17:13:00,0,0
407,4,15,17:18:30,17:19:00,0,0
407,5,4,17:22:30,17:23:00,0,0
407,6,16,17:28:30,17:29:00,0,0
407,7,5,17:35:30,17:36:00,0,0
407,8,6,17:42:30,17:43:00,0,0
407,9,7,17:47:30,17:48:00,0,0
407,10,14,17:50:30,17:51:00,0,0
407,11,8,17:53:30,17:54:00,0,0
407,12,9,18:02:30,18:03:00,0,0
407,13,21,18:08:30,18:09:00,0,0
407,14,22,18:13:30,18:14:00,0,0
407,15,23,18:19:30,18:20:00,0,0
407,16,24,18:28:00,18:28:00,1,0
408,1,24,18:59:30,19:00:00,0,1
408,2,23,19:07:30,19:08:00,0,0
408,3,22,19:14:30,19:15:00,0,0
408,4,21,19:20:30,19:21:00,0,0
408,5,9,19:27:30,19:28:00,0,0
408,6,8,19:34:30,19:35:00,0,0
408,7,14,19:37:30,19:38:00,0,0
408,8,7,19:40:30,19:41:00,0,0
408,9,6,19:46:30,19:47:00,0,0
408,10,5,19:53:30,19:54:00,0,0
408,11,16,20:00:30,20:01:00,0,0
408,12,4,20:05:30,20:06:00,0,0
408,13,15,20:09:30,20:10:00,0,0
408,14,3,20:15:30,20:16:00,0,0
408,15,2,20:22:30,20:23:00,0,0
408,16,17,20:31:00,20:31:00,1,0
409,1,17,17:59:30,18:00:00,0,1
409,2,2,18:05:30,18:06:00,0,0
409,3,3,18:12:30,18:13:00,0,0
409,4,15,18:18:30,18:19:00,0,0
409,5,4,18:22:30,18:23:00,0,0
409,6,16,18:28:30,18:29:00,0,0
409,7,5,18:35:30,18:36:00,0,0
409,8,6,18:42:30,18:43:00,0,0
409,9,7,18:47:30,18:48:00,0,0
409,10,14,18:50:30,18:51:00,0,0
409,11,8,18:53:30,18:54:00,0,0
409,12,9,19:02:30,19:03:00,0,0
409,13,21,19:08:30,19:09:00,0,0
409,14,22,19:13:30,19:14:00,0,0
409,15,23,19:19:30,19:20:00,0,0
409,16,24,19:28:00,19:28:00,1,0
410,1,24,19:59:30,20:00:00,0,1
410,2,23,20:07:30,20:08:00,0,0
410,3,22,20:14:30,20:15:00,0,0
410,4,21,20:20:30,20:21:00,0,0
410,5,9,20:27:30,20:28:00,0,0
410,6,8,20:34:30,20:35:00,0,0
410,7,14,20:37:30,20:38:00,0,0
410,8,7,20:40:30,20:41:00,0,0
410,9,6,20:46:30,20:47:00,0,0
410,10,5,20:53:30,20:54:00,0,0
410,11,16,21:00:30,21:01:00,0,0
410,12,4,21:05:30,21:06:00,0,0
410,13,15,21:09:30,21:10:00,0,0
410,14,3,21:15:30,21:16:00,0,0
410,15,2,21:22:30,21:23:00,0,0
410,16,17,21:31:00,21:31:00,1,0
411,1,17,18:59:30,19:00:00,0,1
411,2,2,19:05:30,19:06:00,0,0
411,3,3,19:12:30,19:13:00,0,0
411,4,15,19:18:30,19:19:00,0,0
411,5,4,19:22:30,19:23:00,0,0
411,6,16,19:28:30,19:29:00,0,0
411,7,5,19:35:30,19:36:00,0,0
411,8,6,19:42:30,19:43:00,0,0
411,9,7,19:47:30,19:48:00,0,0
411,10,14,19:50:30,19:51:00,0,0
411,11,8,19:53:30,19:54:00,0,0
411,12,9,20:02:30,20:03:00,0,0
411,13,21,20:08:30,20:09:00,0,0
411,14,22,20:13:30,20:14:00,0,0
411,15,23,20:19:30,20:20:00,0,0
411,16,24,20:28:00,20:28:00,1,0
412,1,24,20:59:30,21:00:00,0,1
412,2,23,21:07:30,21:08:00,0,0
412,3,22,21:14:30,21:15:00,0,0
412,4,21,21:20:30,21:21:00,0,0
412,5,9,21:27:30,21:28:00,0,0
412,6,8,21:34:30,21:35:00,0,0
412,7,14,21:37:30,21:38:00,0,0
412,8,7,21:40:30,21:41:00,0,0
412,9,6,21:46:30,21:47:00,0,0
412,10,5,21:53:30,21:54:00,0,0
412,11,16,22:00:30,22:01:00,0,0
412,12,4,22:05:30,22:06:00,0,0
412,13,15,22:09:30,22:10:00,0,0
412,14,3,22:15:30,22:16:00,0,0
412,15,2,22:22:30,22:23:00,0,0
412,16,17,22:31:00,22:31:00,1,0
413,1,17,19:59:30,20:00:00,0,1
413,2,2,20:05:30,20:06:00,0,0
413,3,3,20:12:30,20:13:00,0,0
413,4,15,20:18:30,20:19:00,0,0
413,5,4,20:22:30,20:23:00,0,0
413,6,16,20:28:30,20:29:00,0,0
413,7,5,20:35:30,20:36:00,0,0
413,8,6,20:42:30,20:43:00,0,0
413,9,7,20:47:30,20:48:00,0,0
413,10,14,20:50:30,20:51:00,0,0
413,11,8,20:53:30,20:54:00,0,0
413,12,9,21:02:30,21:03:00,0,0
413,13,21,21:08:30,21:09:00,0,0
413,14,22,21:13:30,21:14:00,0,0
413,15,23,21:19:30,21:20:00,0,0
413,16,24,21:28:00,21:28:00,1,0
414,1,24,21:59:30,22:00:00,0,1
414,2,23,22:07:30,22:08:00,0,0
414,3,22,22:14:30,22:15:00,0,0
414,4,21,22:20:30,22:21:00,0,0
414,5,9,22:27:30,22:28:00,0,0
414,6,8,22:34:30,22:35:00,0,0
414,7,14,22:37:30,22:38:00,0,0
414,8,7,22:40:30,22:41:00,0,0
414,9,6,22:46:30,22:47:00,0,0
414,10,5,22:53:30,22:54:00,0,0
414,11,16,23:00:30,23:01:00,0,0
414,12,4,23:05:30,23:06:00,0,0
414,13,15,23:09:30,23:10:00,0,0
414,14,3,23:15:30,23:16:00,0,0
414,15,2,23:22:30,23:23:00,0,0
414,16,17,23:31:00,23:31:00,1,0
415,1,17,20:59:30,21:00:00,0,1
415,2,2,21:05:30,21:06:00,0,0
415,3,3,21:12:30,21:13:00,0,0
415,4,15,21:18:30,21:19:00,0,0
415,5,4,21:22:30,21:23:00,0,0
415,6,16,21:28:30,21:29:00,0,0
415,7,5,21:35:30,21:36:00,0,0
415,8,6,21:42:30,21:43:00,0,0
415,9,7,21:47:30,21:48:00,0,0
415,10,14,21:50:30,21:51:00,0,0
415,11,8,21:53:30,21:54:00,0,0
415,12,9,22:02:30,22:03:00,0,0
415,13,21,22:08:30,22:09:00,0,0
415,14,22,22:13:30,22:14:00,0,0
415,15,23,22:19:30,22:20:00,0,0
415,16,24,22:28:00,22:28:00,1,0
416,1,24,22:59:30,23:00:00,0,1
416,2,23,23:07:30,23:08:00,0,0
416,3,22,23:14:30,23:15:00,0,0
416,4,21,23:20:30,23:21:00,0,0
416,5,9,23:27:30,23:28:00,0,0
416,6,8,23:34:30,23:35:00,0,0
416,7,14,23:37:30,23:38:00,0,0
416,8,7,23:40:30,23:41:00,0,0
416,9,6,23:46:30,23:47:00,0,0
416,10,5,23:53:30,23:54:00,0,0
416,11,16,24:00:30,24:01:00,0,0
416,12,4,24:05:30,24:06:00,0,0
416,13,15,24:09:30,24:10:00,0,0
416,14,3,24:15:30,24:16:00,0,0
416,15,2,24:22:30,24:23:00,0,0
416,16,17,24:31:00,24:31:00,1,0
417,1,17,21:29:30,21:30:00,0,1
417,2,2,21:35:30,21:36:00,0,0
417,3,3,21:42:30,21:43:00,0,0
417,4,15,21:48:30,21:49:00,0,0
417,5,4,21:52:30,21:53:00,0,0
417,6,16,21:58:30,21:59:00,0,0
417,7,5,22:05:30,22:06:00,0,0
417,8,6,22:12:30,22:13:00,0,0
417,9,7,22:17:30,22:18:00,0,0
417,10,14,22:20:30,22:21:00,0,0
417,11,8,22:23:30,22:24:00,0,0
417,12,9,22:32:30,22:33:00,0,0
417,13,21,22:38:30,22:39:00,0,0
417,14,22,22:43:30,22:44:00,0,0
417,15,23,22:49:30,22:50:00,0,0
417,16,24,22:58:00,22:58:00,1,0
418,1,24,23:14:30,23:15:00,0,1
418,2,23,23:22:30,23:23:00,0,0
418,3,22,23:29:30,23:30:00,0,0
418,4,21,23:35:30,23:36:00,0,0
418,5,9,23:42:30,23:43:00,0,0
418,6,8,23:49:30,23:50:00,0,0
418,7,14,23:52:30,23:53:00,0,0
418,8,7,23:55:30,23:56:00,0,0
418,9,6,24:01:30,24:02:00,0,0
418,10,5,24:08:30,24:09:00,0,0
418,11,16,24:15:30,24:16:00,0,0
418,12,4,24:20:30,24:21:00,0,0
418,13,15,24:24:30,24:25:00,0,0
418,14,3,24:30:30,24:31:00,0,0
418,15,2,24:37:30,24:38:00,0,0
418,16,17,24:46:00,24:46:00,1,0